ID,SHAPE_LEN,QUALITE_TX,QUALITE,SHAPE_AREA,GENRE_TXT,GENRE,source,macro_ev,area_m2
44585222.0,135.814274162359,MO93,0.0,363.7768865,jardin,12.0,jardin.shp,jardin,363.7768864915806
44583967.0,31.3195658208553,MO93,0.0,38.57448,jardin,12.0,jardin.shp,jardin,38.57448000059321
44585237.0,41.610810647571,MO93,0.0,109.265903,jardin,12.0,jardin.shp,jardin,109.26590300057835
44585194.0,23.7095517066404,MO93,0.0,44.725992,jardin,12.0,jardin.shp,jardin,44.725992000031724
44585235.0,101.911136954461,MO93,0.0,398.928808,jardin,12.0,jardin.shp,jardin,398.9288080017738
44587004.0,311.308537372737,MO93,0.0,2628.9779185,jardin,12.0,jardin.shp,jardin,2628.977918510685
44585234.0,436.310082514653,MO93,0.0,8112.1585745,jardin,12.0,jardin.shp,jardin,8112.15857450127
44587003.0,298.043842349474,MO93,0.0,5375.290362,jardin,12.0,jardin.shp,jardin,5375.2903619929175
44583969.0,200.36446790759,MO93,0.0,231.6603175,jardin,12.0,jardin.shp,jardin,231.6603175007712
44585130.0,149.872425333001,MO93,0.0,536.2996385,jardin,12.0,jardin.shp,jardin,536.2996384955604
44585193.0,100.266579450988,MO93,0.0,258.2031685,jardin,12.0,jardin.shp,jardin,258.2031685014876
44585192.0,85.7259606065626,MO93,0.0,208.52467,jardin,12.0,jardin.shp,jardin,208.52467000157424
44583864.0,76.8533802415174,MO93,0.0,183.19982,jardin,12.0,jardin.shp,jardin,183.1998199983758
44585191.0,64.5244445763645,MO93,0.0,133.99169,jardin,12.0,jardin.shp,jardin,133.9916900051599
44584412.0,43.3061069038362,MO93,0.0,78.0303465,jardin,12.0,jardin.shp,jardin,78.03034650121045
44585190.0,29.9504875123277,MO93,0.0,57.9912775,jardin,12.0,jardin.shp,jardin,57.99127749981132
44585188.0,29.4532484169884,MO93,0.0,55.6290945,jardin,12.0,jardin.shp,jardin,55.62909450041504
44585187.0,32.4158090247762,MO93,0.0,54.6774655,jardin,12.0,jardin.shp,jardin,54.67746549971721
44585205.0,59.5157755516808,MO93,0.0,129.2184375,jardin,12.0,jardin.shp,jardin,129.21843749916334
97479891.0,26.0162333912805,MO93,0.0,39.801488,jardin,12.0,jardin.shp,jardin,39.80148800005496
44583904.0,94.5550193118522,MO93,0.0,234.0214065,jardin,12.0,jardin.shp,jardin,234.02140649981715
44583905.0,23.642087642656,MO93,0.0,44.471809,jardin,12.0,jardin.shp,jardin,44.471809000054975
44583906.0,84.0869852083935,MO93,0.0,213.680324,jardin,12.0,jardin.shp,jardin,213.68032400117508
44585186.0,76.6486850980578,MO93,0.0,183.402865,jardin,12.0,jardin.shp,jardin,183.40286500043084
44583912.0,68.2765147790788,MO93,0.0,144.557765,jardin,12.0,jardin.shp,jardin,144.5577650023677
44583907.0,75.1931916271838,MO93,0.0,161.5957805,jardin,12.0,jardin.shp,jardin,161.5957804986135
44585196.0,240.0597598735,MO93,0.0,773.808617,jardin,12.0,jardin.shp,jardin,773.8086170018588
44585197.0,689.518125609062,MO93,0.0,8977.516826,jardin,12.0,jardin.shp,jardin,8977.516826008086
92841729.0,277.544162747497,MO93,0.0,3167.668963,jardin,12.0,jardin.shp,jardin,3167.66896299925
92841730.0,69.6100765393099,MO93,0.0,96.914437,jardin,12.0,jardin.shp,jardin,96.91443699961425
44585208.0,64.3761526875577,MO93,0.0,169.07398,jardin,12.0,jardin.shp,jardin,169.07397999975925
44583860.0,124.868439613549,MO93,0.0,490.041252,jardin,12.0,jardin.shp,jardin,490.04125200514284
44585213.0,1400.47158592141,MO93,0.0,20361.720852,jardin,12.0,jardin.shp,jardin,20361.720851989532
44585206.0,80.1526351832637,MO93,0.0,210.307004,jardin,12.0,jardin.shp,jardin,210.30700400054764
44585207.0,653.710614781606,MO93,0.0,3653.5298465,jardin,12.0,jardin.shp,jardin,3653.529846511529
44585209.0,226.628770727744,MO93,0.0,1397.1690195,jardin,12.0,jardin.shp,jardin,1397.1690195042038
44584411.0,175.742257497036,MO93,0.0,804.618914,jardin,12.0,jardin.shp,jardin,804.6189140019196
97479892.0,21.3164146500704,MO93,0.0,26.68266,jardin,12.0,jardin.shp,jardin,26.682660000946758
44583990.0,80.5751082275196,MO93,0.0,280.5844075,jardin,12.0,jardin.shp,jardin,280.5844075040432
44585211.0,102.851683447869,MO93,0.0,425.788669,jardin,12.0,jardin.shp,jardin,425.78866900466227
92841721.0,8.7788404334281,MO93,0.0,2.326986,jardin,12.0,jardin.shp,jardin,2.3269860001684033
98072033.0,444.371298178775,MO93,0.0,3295.2886685,jardin,12.0,jardin.shp,jardin,3295.2886685045405
44585200.0,101.26505796158,MO93,0.0,359.797253,jardin,12.0,jardin.shp,jardin,359.79725299946386
92841726.0,136.499348975271,MO93,0.0,539.2261035,jardin,12.0,jardin.shp,jardin,539.2261035042583
44585198.0,65.7896869328621,MO93,0.0,221.09003,jardin,12.0,jardin.shp,jardin,221.09003000035023
44585199.0,55.0600638087168,MO93,0.0,64.007078,jardin,12.0,jardin.shp,jardin,64.00707799952812
44585201.0,51.174372201207,MO93,0.0,91.0657245,jardin,12.0,jardin.shp,jardin,91.06572449981081
44585202.0,231.226939136342,MO93,0.0,1569.047457,jardin,12.0,jardin.shp,jardin,1569.0474570017263
98071320.0,800.554121799564,MO93,0.0,6282.529059,jardin,12.0,jardin.shp,jardin,6282.529059004364
44584551.0,213.503485064071,MO93,0.0,2537.577601,jardin,12.0,jardin.shp,jardin,2537.5776009948654
3826969.0,306.987923233534,MO93,0.0,1576.4682035,jardin,12.0,jardin.shp,jardin,1576.4682035017825
3827240.0,27.7835317039614,MO93,0.0,30.923425,jardin,12.0,jardin.shp,jardin,30.923424999309518
3843933.0,1429.51354753833,MO93,0.0,8294.198596,jardin,12.0,jardin.shp,jardin,8294.198596008582
3843521.0,256.448678218559,MO93,0.0,913.5982595,jardin,12.0,jardin.shp,jardin,913.5982594990253
3839079.0,57.1699502113204,MO93,0.0,64.557201,jardin,12.0,jardin.shp,jardin,64.55720100003391
3835787.0,29.590989087387,MO93,0.0,30.51205,jardin,12.0,jardin.shp,jardin,30.51205000062106
3843712.0,41.0905521288547,MO93,0.0,93.88225,jardin,12.0,jardin.shp,jardin,93.882249998159
3843520.0,28.7502890404579,MO93,0.0,48.497615,jardin,12.0,jardin.shp,jardin,48.49761499997413
3843931.0,95.2802314912759,MO93,0.0,117.607985,jardin,12.0,jardin.shp,jardin,117.60798500181069
3843932.0,62.3124544721311,MO93,0.0,125.3443145,jardin,12.0,jardin.shp,jardin,125.34431450087901
44584552.0,224.932075510971,MO93,0.0,2644.769791,jardin,12.0,jardin.shp,jardin,2644.769790996164
44584555.0,140.439283752669,MO93,0.0,1240.053419,jardin,12.0,jardin.shp,jardin,1240.0534189963641
44583944.0,51.1868669297588,MO93,0.0,85.9952155,jardin,12.0,jardin.shp,jardin,85.99521549960266
44583982.0,81.3667575677409,MO93,0.0,213.83493,jardin,12.0,jardin.shp,jardin,213.834930003582
44584556.0,83.7935878746394,MO93,0.0,246.1843755,jardin,12.0,jardin.shp,jardin,246.1843754991392
44584554.0,159.018904382502,MO93,0.0,719.631449,jardin,12.0,jardin.shp,jardin,719.6314490012572
44584553.0,83.8851646309397,MO93,0.0,298.0770675,jardin,12.0,jardin.shp,jardin,298.0770675007105
44584550.0,153.511367119648,MO93,0.0,822.691886,jardin,12.0,jardin.shp,jardin,822.6918859950234
44584549.0,113.111422199276,MO93,0.0,613.829685,jardin,12.0,jardin.shp,jardin,613.8296849988296
44584615.0,89.8098965301301,MO93,0.0,598.973802,jardin,12.0,jardin.shp,jardin,598.9738019998002
44585212.0,26.1857827188044,MO93,0.0,27.2375075,jardin,12.0,jardin.shp,jardin,27.23750749855949
98070633.0,29.2364955011327,MO93,0.0,29.7549445,jardin,12.0,jardin.shp,jardin,29.75494449938017
44583943.0,52.7419852681956,MO93,0.0,121.168821,jardin,12.0,jardin.shp,jardin,121.16882099629868
98069028.0,30.1284400130686,MO93,0.0,17.6785855,jardin,12.0,jardin.shp,jardin,17.678585500097988
44584612.0,105.369628311171,MO93,0.0,115.774621,jardin,12.0,jardin.shp,jardin,115.77462100385773
44584565.0,133.283490699025,MO93,0.0,782.469481,jardin,12.0,jardin.shp,jardin,782.4694809941249
98069027.0,192.607681347338,MO93,0.0,598.4059645,jardin,12.0,jardin.shp,jardin,598.4059645069108
44584472.0,815.713127013384,MO93,0.0,9058.6650765,jardin,12.0,jardin.shp,jardin,9058.665076490408
44584470.0,457.785439995917,MO93,0.0,4509.303106,jardin,12.0,jardin.shp,jardin,4509.303105995824
44584558.0,741.757068291953,MO93,0.0,7783.005126,jardin,12.0,jardin.shp,jardin,7783.005126007955
3849803.0,34.2373091244454,MO93,0.0,55.390055,jardin,12.0,jardin.shp,jardin,55.390054998477154
3843930.0,110.895023127756,MO93,0.0,519.534465,jardin,12.0,jardin.shp,jardin,519.5344649982155
97846959.0,30.1849085847518,MO93,0.0,7.480755,jardin,12.0,jardin.shp,jardin,7.480755001808404
3827268.0,277.983584680565,MO93,0.0,1056.971565,jardin,12.0,jardin.shp,jardin,1056.9715650036367
3848748.0,174.215505275829,MO93,0.0,510.0168655,jardin,12.0,jardin.shp,jardin,510.0168654975919
3826968.0,164.066642562631,MO93,0.0,412.841965,jardin,12.0,jardin.shp,jardin,412.84196499772173
3843705.0,32.9590930693047,MO93,0.0,71.0452005,jardin,12.0,jardin.shp,jardin,71.0452005016498
3843543.0,34.2613605061835,MO93,0.0,77.8574065,jardin,12.0,jardin.shp,jardin,77.85740649845248
3827269.0,34.2161544176618,MO93,0.0,77.531101,jardin,12.0,jardin.shp,jardin,77.53110100001612
3826985.0,36.8815559236157,MO93,0.0,84.0006475,jardin,12.0,jardin.shp,jardin,84.00064750056302
44584547.0,194.566951880296,MO93,0.0,1327.9098765,jardin,12.0,jardin.shp,jardin,1327.9098765012607
44584543.0,164.643483207427,MO93,0.0,967.0154865,jardin,12.0,jardin.shp,jardin,967.0154865001999
44584548.0,474.29563408209,MO93,0.0,2877.771749,jardin,12.0,jardin.shp,jardin,2877.77174900112
44583941.0,433.855103013974,MO93,0.0,4486.3748945,jardin,12.0,jardin.shp,jardin,4486.374894501244
44583983.0,59.3707656896556,MO93,0.0,161.8434355,jardin,12.0,jardin.shp,jardin,161.84343549786416
44583939.0,39.4932413986062,MO93,0.0,87.71871,jardin,12.0,jardin.shp,jardin,87.71870999872843
44584542.0,73.5415494778046,MO93,0.0,189.5428445,jardin,12.0,jardin.shp,jardin,189.5428444966732
44584545.0,104.574613608761,MO93,0.0,270.069305,jardin,12.0,jardin.shp,jardin,270.0693050006139
3843711.0,84.0502464447103,MO93,0.0,115.204131,jardin,12.0,jardin.shp,jardin,115.2041310001334
44584541.0,118.871585030917,MO93,0.0,386.7542445,jardin,12.0,jardin.shp,jardin,386.754244503646
85187964.0,202.536721479834,MO93,0.0,1348.9060735,jardin,12.0,jardin.shp,jardin,1348.906073495652
85187966.0,32.494228274825,MO93,0.0,9.962214,jardin,12.0,jardin.shp,jardin,9.96221399662647
85187974.0,53.4255126881068,MO93,0.0,58.57212,jardin,12.0,jardin.shp,jardin,58.57212000101606
85187968.0,29.1342843646378,MO93,0.0,15.456365,jardin,12.0,jardin.shp,jardin,15.456364999740257
85187972.0,52.5573382027019,MO93,0.0,129.610841,jardin,12.0,jardin.shp,jardin,129.61084099829722
85187970.0,19.5051253803995,MO93,0.0,16.836989,jardin,12.0,jardin.shp,jardin,16.836988999933535
85188030.0,26.234897304768,MO93,0.0,8.519895,jardin,12.0,jardin.shp,jardin,8.519895001126354
61236427.0,5.17861342218109,MO93,0.0,1.66828,jardin,12.0,jardin.shp,jardin,1.668279999863035
89252086.0,17.7616765763725,MO93,0.0,18.7913685,jardin,12.0,jardin.shp,jardin,18.791368499186106
89252084.0,23.0714194099873,MO93,0.0,33.1316925,jardin,12.0,jardin.shp,jardin,33.13169250057941
3847612.0,124.788268716995,MO93,0.0,393.311917,jardin,12.0,jardin.shp,jardin,393.31191699839894
3827230.0,58.9678137794607,MO93,0.0,139.320995,jardin,12.0,jardin.shp,jardin,139.32099499586747
44583903.0,54.0058278120354,MO93,0.0,105.94367,jardin,12.0,jardin.shp,jardin,105.94366999757597
3827089.0,288.057246268061,MO93,0.0,3926.0963265,jardin,12.0,jardin.shp,jardin,3926.096326482847
126432244.0,62.7953716711217,MO93,0.0,236.353044,jardin,12.0,jardin.shp,jardin,236.35304400045214
126432246.0,138.98105278964,MO93,0.0,373.3030965,jardin,12.0,jardin.shp,jardin,373.30309650374284
44585195.0,62.2440768227735,MO93,0.0,214.983223,jardin,12.0,jardin.shp,jardin,214.98322300063353
92841731.0,31.9560615180644,MO93,0.0,58.156821,jardin,12.0,jardin.shp,jardin,58.15682100098265
3827090.0,218.00867741088,MO93,0.0,873.634448,jardin,12.0,jardin.shp,jardin,873.6344479990842
3827096.0,339.691928785713,MO93,0.0,1961.9613725,jardin,12.0,jardin.shp,jardin,1961.9613725044467
3826972.0,537.605061447155,MO93,0.0,3284.6019855,jardin,12.0,jardin.shp,jardin,3284.601985498265
3843939.0,33.7384774609446,MO93,0.0,60.7300235,jardin,12.0,jardin.shp,jardin,60.73002349941128
3827097.0,122.407949218255,MO93,0.0,347.0862805,jardin,12.0,jardin.shp,jardin,347.08628050276803
3843938.0,105.495987586827,MO93,0.0,224.684885,jardin,12.0,jardin.shp,jardin,224.68488499636914
3845577.0,172.656834089726,MO93,0.0,685.4339445,jardin,12.0,jardin.shp,jardin,685.4339445060227
3849177.0,141.5185894405,MO93,0.0,551.43609,jardin,12.0,jardin.shp,jardin,551.4360900025089
95961943.0,59.803436935718,MO93,0.0,61.8179495,jardin,12.0,jardin.shp,jardin,61.817949496048364
3827284.0,35.8957247015444,MO93,0.0,77.4589865,jardin,12.0,jardin.shp,jardin,77.45898649992081
3827238.0,19.0949679704817,MO93,0.0,23.46945,jardin,12.0,jardin.shp,jardin,23.469449999164276
144916391.0,64.3325551754907,MO93,0.0,92.7111665,jardin,12.0,jardin.shp,jardin,92.71116649944932
3827185.0,177.844458984044,MO93,0.0,683.764188,jardin,12.0,jardin.shp,jardin,683.764188002571
89252082.0,23.0793141728265,MO93,0.0,33.14899,jardin,12.0,jardin.shp,jardin,33.14898999988077
3827184.0,36.745759204374,MO93,0.0,72.5412825,jardin,12.0,jardin.shp,jardin,72.54128249880137
89251836.0,121.315436922281,MO93,0.0,272.6157915,jardin,12.0,jardin.shp,jardin,272.6157914974299
89252080.0,17.7320560613534,MO93,0.0,18.737951,jardin,12.0,jardin.shp,jardin,18.73795100077172
3826973.0,96.3274435151441,MO93,0.0,298.668283,jardin,12.0,jardin.shp,jardin,298.66828299826483
3843484.0,88.8216333166335,MO93,0.0,238.1540145,jardin,12.0,jardin.shp,jardin,238.15401449800942
3843841.0,25.1204277228009,MO93,0.0,28.79035,jardin,12.0,jardin.shp,jardin,28.79035000010915
3843456.0,132.64162688516,MO93,0.0,525.430573,jardin,12.0,jardin.shp,jardin,525.4305730042561
61236411.0,264.12926138093,MO93,0.0,723.2995075,jardin,12.0,jardin.shp,jardin,723.299507498359
3846996.0,1109.87435172445,MO93,0.0,6192.565979,jardin,12.0,jardin.shp,jardin,6192.5659789965275
3846982.0,52.7198430181353,MO93,0.0,51.289066,jardin,12.0,jardin.shp,jardin,51.28906600277635
3846986.0,155.351746421577,MO93,0.0,283.713006,jardin,12.0,jardin.shp,jardin,283.7130059964596
3846981.0,36.5256656410766,MO93,0.0,33.818019,jardin,12.0,jardin.shp,jardin,33.81801899931193
3846992.0,20.4723249228645,MO93,0.0,16.8255285,jardin,12.0,jardin.shp,jardin,16.82552850042913
3847038.0,57.0079411181457,MO93,0.0,54.9004075,jardin,12.0,jardin.shp,jardin,54.90040749602369
3843563.0,34.9013247169472,MO93,0.0,59.112543,jardin,12.0,jardin.shp,jardin,59.11254299903669
3846995.0,113.316832744297,MO93,0.0,195.75871,jardin,12.0,jardin.shp,jardin,195.75871000391658
3846988.0,219.847248106514,MO93,0.0,280.3860895,jardin,12.0,jardin.shp,jardin,280.3860894915032
3849719.0,55.8295401896951,MO93,0.0,54.7569985,jardin,12.0,jardin.shp,jardin,54.75699849690885
3846987.0,23.5237474650386,MO93,0.0,32.804418,jardin,12.0,jardin.shp,jardin,32.8044179987298
61236413.0,389.71311597287,MO93,0.0,2491.0666275,jardin,12.0,jardin.shp,jardin,2491.066627501231
3827178.0,172.286517217608,MO93,0.0,586.8594005,jardin,12.0,jardin.shp,jardin,586.8594005031727
3826983.0,58.5715802473929,MO93,0.0,124.147665,jardin,12.0,jardin.shp,jardin,124.14766499871519
3846991.0,117.28904650186,MO93,0.0,293.329018,jardin,12.0,jardin.shp,jardin,293.3290179994287
3843925.0,68.3280564179809,MO93,0.0,214.96775,jardin,12.0,jardin.shp,jardin,214.9677499987448
3843491.0,20.0379240443377,MO93,0.0,24.0676,jardin,12.0,jardin.shp,jardin,24.067600000442567
3843492.0,49.5318535021847,MO93,0.0,74.628155,jardin,12.0,jardin.shp,jardin,74.62815500174511
3846755.0,118.122169712567,MO93,0.0,307.909768,jardin,12.0,jardin.shp,jardin,307.9097680030497
146915192.0,105.455909789712,MO93,0.0,295.8433845,jardin,12.0,jardin.shp,jardin,295.8433845006093
3846985.0,157.967227969965,MO93,0.0,451.5030055,jardin,12.0,jardin.shp,jardin,451.503005492797
3846983.0,84.2210046896618,MO93,0.0,175.2072235,jardin,12.0,jardin.shp,jardin,175.20722350015407
3847705.0,76.8919130373963,MO93,0.0,141.80991,jardin,12.0,jardin.shp,jardin,141.8099099995037
3843562.0,11.9528729777804,MO93,0.0,6.4245,jardin,12.0,jardin.shp,jardin,6.424500000242377
3846023.0,146.624117497391,MO93,0.0,341.248485,jardin,12.0,jardin.shp,jardin,341.2484850026607
3843495.0,94.2555343293649,MO93,0.0,330.90397,jardin,12.0,jardin.shp,jardin,330.9039699999191
3845803.0,42.5756864038529,MO93,0.0,58.713269,jardin,12.0,jardin.shp,jardin,58.71326899980366
3846022.0,444.540994326198,MO93,0.0,3569.675085,jardin,12.0,jardin.shp,jardin,3569.6750850171243
3846021.0,48.1244097150501,MO93,0.0,69.374336,jardin,12.0,jardin.shp,jardin,69.37433600025585
3845801.0,159.003833477305,MO93,0.0,577.491531,jardin,12.0,jardin.shp,jardin,577.4915310009686
3826975.0,29.4446716627918,MO93,0.0,36.83674,jardin,12.0,jardin.shp,jardin,36.83674000008065
3849674.0,18.9643598188844,MO93,0.0,12.68804,jardin,12.0,jardin.shp,jardin,12.68803999992976
3843649.0,28.0640445412195,MO93,0.0,40.5911465,jardin,12.0,jardin.shp,jardin,40.59114650027271
3843647.0,12.1326491919306,MO93,0.0,9.009624,jardin,12.0,jardin.shp,jardin,9.009623999525978
61236400.0,26.9851011827606,MO93,0.0,31.227036,jardin,12.0,jardin.shp,jardin,31.227035999707258
3843493.0,79.600411192261,MO93,0.0,116.511459,jardin,12.0,jardin.shp,jardin,116.51145900184967
61236401.0,8.7942734766842,MO93,0.0,2.9046,jardin,12.0,jardin.shp,jardin,2.904599999662815
61236396.0,149.983244914132,MO93,0.0,152.716803,jardin,12.0,jardin.shp,jardin,152.71680299811453
3839049.0,84.6174833250914,MO93,0.0,171.490086,jardin,12.0,jardin.shp,jardin,171.4900860023268
61236399.0,61.5809341272291,MO93,0.0,68.244399,jardin,12.0,jardin.shp,jardin,68.24439900258007
3827128.0,151.393690999128,MO93,0.0,844.735565,jardin,12.0,jardin.shp,jardin,844.7355650016915
3843494.0,92.7790805827571,MO93,0.0,232.2973155,jardin,12.0,jardin.shp,jardin,232.29731550328836
61236397.0,36.5521271808515,MO93,0.0,71.120403,jardin,12.0,jardin.shp,jardin,71.12040300086193
3839051.0,84.7475979320164,MO93,0.0,184.7259545,jardin,12.0,jardin.shp,jardin,184.72595450095403
3826982.0,78.6731017927085,MO93,0.0,298.14799,jardin,12.0,jardin.shp,jardin,298.1479900007218
137079209.0,279.904041613518,MO93,0.0,1016.754996,jardin,12.0,jardin.shp,jardin,1016.7549960000426
3827290.0,170.805601296018,MO93,0.0,1288.640731,jardin,12.0,jardin.shp,jardin,1288.6407310019235
3827329.0,148.832141681361,MO93,0.0,537.8785715,jardin,12.0,jardin.shp,jardin,537.8785715005887
3827277.0,63.4176298038435,MO93,0.0,155.5604355,jardin,12.0,jardin.shp,jardin,155.56043550272818
3843857.0,32.0917691918079,MO93,0.0,58.58195,jardin,12.0,jardin.shp,jardin,58.58195000099782
3843708.0,20.06585391248,MO93,0.0,21.0022405,jardin,12.0,jardin.shp,jardin,21.002240499769762
3843706.0,73.253969621784,MO93,0.0,242.7535575,jardin,12.0,jardin.shp,jardin,242.7535574968755
3843709.0,53.4417533097032,MO93,0.0,99.539543,jardin,12.0,jardin.shp,jardin,99.53954300044079
3843707.0,136.666347690509,MO93,0.0,266.2745465,jardin,12.0,jardin.shp,jardin,266.27454650107666
3843710.0,75.5354224203786,MO93,0.0,105.362552,jardin,12.0,jardin.shp,jardin,105.36255199799629
3849143.0,222.13027173452,MO93,0.0,673.3610695,jardin,12.0,jardin.shp,jardin,673.3610694944957
3843660.0,55.2747063476971,MO93,0.0,144.15054,jardin,12.0,jardin.shp,jardin,144.1505400009598
3843665.0,34.8667803921039,MO93,0.0,74.223365,jardin,12.0,jardin.shp,jardin,74.22336499925574
137079241.0,293.045964445894,MO93,0.0,2287.9762915,jardin,12.0,jardin.shp,jardin,2287.976291496404
3847700.0,221.098855847536,MO93,0.0,334.0323795,jardin,12.0,jardin.shp,jardin,334.0323795090319
44585228.0,92.9961082783429,MO93,0.0,221.935073,jardin,12.0,jardin.shp,jardin,169.0400715668222
44585227.0,84.3133315902047,MO93,0.0,188.9405455,jardin,12.0,jardin.shp,jardin,188.94054549774663
44583964.0,26.6578442804965,MO93,0.0,45.156745,jardin,12.0,jardin.shp,jardin,33.79330373659469
44583963.0,67.6303189391196,MO93,0.0,121.4298555,jardin,12.0,jardin.shp,jardin,121.429855499969
44585226.0,138.215388166666,MO93,0.0,348.2463,jardin,12.0,jardin.shp,jardin,348.2462999998687
44583911.0,79.5784910830963,MO93,0.0,146.8869545,jardin,12.0,jardin.shp,jardin,146.88695449594002
144624663.0,93.0878704629114,MO93,0.0,522.6894645,foret,18.0,MOVD_CAD_TPR_CSBOIS_S.shp,foret,522.6894645028882
144624664.0,57.5650686352164,MO93,0.0,201.807026,foret,18.0,MOVD_CAD_TPR_CSBOIS_S.shp,foret,201.80702600170576
44583962.0,127.563693566325,MO93,0.0,245.365017,jardin,12.0,jardin.shp,jardin,245.36501699762812
44585225.0,124.074126672206,MO93,0.0,314.4074315,jardin,12.0,jardin.shp,jardin,314.4074314981389
44585224.0,23.4761571770116,MO93,0.0,43.849741,jardin,12.0,jardin.shp,jardin,43.8497410001568
44585223.0,129.165812340504,MO93,0.0,341.775525,jardin,12.0,jardin.shp,jardin,341.7755250116568
44583960.0,129.34219684366,MO93,0.0,247.29728,jardin,12.0,jardin.shp,jardin,247.29727999832903
44583910.0,131.548989592518,MO93,0.0,342.6055605,jardin,12.0,jardin.shp,jardin,342.60556049081913
44583965.0,100.550811496969,MO93,0.0,381.9373915,jardin,12.0,jardin.shp,jardin,381.9373914993951
44583959.0,48.588004431305,MO93,0.0,82.608787,jardin,12.0,jardin.shp,jardin,82.60878699751001
44585236.0,256.11568231239,MO93,0.0,2064.2030115,jardin,12.0,jardin.shp,jardin,2064.2030114991644
44583865.0,37.394766894045,MO93,0.0,74.899066,jardin,12.0,jardin.shp,jardin,74.89906600106634
44583863.0,32.8218411472715,MO93,0.0,49.619729,jardin,12.0,jardin.shp,jardin,49.61972899917366
44583858.0,30.0597036840983,MO93,0.0,7.098669,jardin,12.0,jardin.shp,jardin,7.098668999614421
44583862.0,452.581437168011,MO93,0.0,5552.890761,jardin,12.0,jardin.shp,jardin,5552.890761005465
144624662.0,14.5959166842645,MO93,0.0,16.9484075,jardin,12.0,jardin.shp,jardin,16.94840750007165
44583961.0,133.33731446002,MO93,0.0,255.777642,jardin,12.0,jardin.shp,jardin,255.77764200603792
44583857.0,178.382216319995,MO93,0.0,1854.567428,jardin,12.0,jardin.shp,jardin,1854.56742799653
144624661.0,53.0892209732084,MO93,0.0,82.730062,jardin,12.0,jardin.shp,jardin,82.73006200083383
144624660.0,105.503892355133,MO93,0.0,564.193205,foret,18.0,MOVD_CAD_TPR_CSBOIS_S.shp,foret,564.193205001521
44583854.0,752.414667576671,MO93,0.0,5004.9920505,foret,18.0,MOVD_CAD_TPR_CSBOIS_S.shp,foret,3791.8600674408767
44583968.0,106.668675440407,MO93,0.0,621.108382,jardin,12.0,jardin.shp,jardin,621.1083819999913
144624659.0,215.723568410855,MO93,0.0,1623.431562,foret,18.0,MOVD_CAD_TPR_CSBOIS_S.shp,foret,1623.4315619914364
44587005.0,538.226861261346,MO93,0.0,12427.946973,jardin,12.0,jardin.shp,jardin,12427.946972998034
44583852.0,83.8275042144807,MO93,0.0,177.910253,jardin,12.0,jardin.shp,jardin,177.91025299954993
44583851.0,233.046563984014,MO93,0.0,226.217214,jardin,12.0,jardin.shp,jardin,226.21721399971736
144624658.0,43.3009353729515,MO93,0.0,95.911075,foret,18.0,MOVD_CAD_TPR_CSBOIS_S.shp,foret,95.91107499876671
44583855.0,231.909270334798,MO93,0.0,2384.941206,foret,18.0,MOVD_CAD_TPR_CSBOIS_S.shp,foret,2384.9412059878896
44583879.0,120.649562906235,MO93,0.0,796.057715,foret,18.0,MOVD_CAD_TPR_CSBOIS_S.shp,foret,796.057715001879
44583908.0,50.6358080633403,MO93,0.0,28.319525,jardin,12.0,jardin.shp,jardin,28.31952500145093
137210660.0,55.9267603933672,MO93,0.0,103.7269985,jardin,12.0,jardin.shp,jardin,103.72699849739416
44583909.0,42.6761261899053,MO93,0.0,40.7421875,jardin,12.0,jardin.shp,jardin,40.7421874990775
133557290.0,69.1940593365272,MO93,0.0,93.0950525,jardin,12.0,jardin.shp,jardin,93.09505249789729
44585088.0,1096.99016262063,MO93,0.0,6529.737598,jardin,12.0,jardin.shp,jardin,6529.737598025674
44585250.0,385.44201895758,MO93,0.0,2912.87781,foret,18.0,MOVD_CAD_TPR_CSBOIS_S.shp,foret,2912.8778099921847
3823066.0,222.174365526128,MO93,0.0,1286.410875,foret,18.0,MOVD_CAD_TPR_CSBOIS_S.shp,foret,1286.4108750010935
3850149.0,306.041738053908,MO93,0.0,863.4285835,jardin,12.0,jardin.shp,jardin,863.4285835014412
3822828.0,58.5015917889707,MO93,0.0,84.997103,jardin,12.0,jardin.shp,jardin,84.99710300047184
44583925.0,134.832341253476,MO93,0.0,416.22334,jardin,12.0,jardin.shp,jardin,416.2233400034525
137210656.0,1139.21424769913,MO93,0.0,11718.508269,jardin,12.0,jardin.shp,jardin,11718.50826899794
44583870.0,475.327023501974,MO93,0.0,7692.3210875,jardin,12.0,jardin.shp,jardin,7692.32108748161
44584473.0,378.297129541824,MO93,0.0,2955.1659175,jardin,12.0,jardin.shp,jardin,2955.165917520433
44583871.0,1460.65412729043,MO93,0.0,14431.823108,jardin,12.0,jardin.shp,jardin,14431.823107966584
44584474.0,252.399572605405,MO93,0.0,1554.111156,jardin,12.0,jardin.shp,jardin,1554.1111559988046
44583872.0,290.266149972377,MO93,0.0,1396.9619355,jardin,12.0,jardin.shp,jardin,1396.9619355039724
92242572.0,568.250039224199,MO93,0.0,2629.32104,jardin,12.0,jardin.shp,jardin,2629.3210399960017
44584476.0,94.7967064550969,MO93,0.0,227.301187,jardin,12.0,jardin.shp,jardin,227.30118700758183
98467581.0,92.1707575693897,MO93,0.0,165.480945,jardin,12.0,jardin.shp,jardin,165.4809450049272
44583877.0,444.826457908666,MO93,0.0,6039.374133,foret,18.0,MOVD_CAD_TPR_CSBOIS_S.shp,foret,6039.374133005492
133557288.0,19.8654994106946,MO93,0.0,15.856943,foret,18.0,MOVD_CAD_TPR_CSBOIS_S.shp,foret,15.856942999990512
133557287.0,70.7425801449008,MO93,0.0,244.7967185,foret,18.0,MOVD_CAD_TPR_CSBOIS_S.shp,foret,244.79671849971973
44583878.0,540.346411748852,MO93,0.0,3663.10436,foret,18.0,MOVD_CAD_TPR_CSBOIS_S.shp,foret,3639.161795507155
137573424.0,1118.10828311044,NP,2.0,10822.5849475,jardin,12.0,jardin.shp,jardin,10822.584947497802
3825285.0,813.792899718843,NP,2.0,4237.2845655,jardin,12.0,jardin.shp,jardin,4237.284565513896
44583884.0,159.007920228058,MO93,0.0,242.2223165,jardin,12.0,jardin.shp,jardin,242.2223165060069
3825283.0,220.527394826426,NP,2.0,2386.4222345,foret,18.0,MOVD_CAD_TPR_CSBOIS_S.shp,foret,2386.422234507346
44584622.0,184.541368793553,MO93,0.0,1159.4094735,jardin,12.0,jardin.shp,jardin,1159.4094734956304
44585249.0,96.497735227647,MO93,0.0,499.3838345,foret,18.0,MOVD_CAD_TPR_CSBOIS_S.shp,foret,499.3838344957927
44584617.0,323.930573733826,MO93,0.0,1408.7024665,jardin,12.0,jardin.shp,jardin,1408.702466492326
44586996.0,416.902762879708,MO93,0.0,1599.254321,jardin,12.0,jardin.shp,jardin,1599.2543210012261
44584422.0,74.6199892998791,MO93,0.0,168.0024155,jardin,12.0,jardin.shp,jardin,168.0024155024006
44586999.0,50.3028854987941,MO93,0.0,72.872172,jardin,12.0,jardin.shp,jardin,72.87217199779084
44586995.0,253.072060933151,MO93,0.0,738.8099025,jardin,12.0,jardin.shp,jardin,738.809902498887
44587000.0,166.991735399748,MO93,0.0,379.9585265,jardin,12.0,jardin.shp,jardin,379.95852649388524
44586994.0,191.353670897757,MO93,0.0,472.778,jardin,12.0,jardin.shp,jardin,472.7779999967241
44586998.0,166.206196020397,MO93,0.0,423.6863355,jardin,12.0,jardin.shp,jardin,423.68633549889165
44586993.0,28.9260919036497,MO93,0.0,45.88875,jardin,12.0,jardin.shp,jardin,45.88874999906518
44586992.0,54.7054968499073,MO93,0.0,84.6996215,jardin,12.0,jardin.shp,jardin,84.69962150063297
44584618.0,62.1197514041663,MO93,0.0,158.192467,jardin,12.0,jardin.shp,jardin,158.19246700001747
44585087.0,27.3626050134536,MO93,0.0,43.174865,jardin,12.0,jardin.shp,jardin,43.17486499979044
44586997.0,164.821434490654,MO93,0.0,404.551731,jardin,12.0,jardin.shp,jardin,404.55173099434603
44583928.0,454.824973326287,MO93,0.0,1754.25353,jardin,12.0,jardin.shp,jardin,1754.253529996971
44583929.0,34.2145554770151,MO93,0.0,68.94478,jardin,12.0,jardin.shp,jardin,68.94478000013812
44583927.0,333.181773786802,MO93,0.0,1360.254665,jardin,12.0,jardin.shp,jardin,1360.2546650015818
44586991.0,84.2601696455342,MO93,0.0,120.93641,jardin,12.0,jardin.shp,jardin,120.93640999713298
44583930.0,47.9537585342732,MO93,0.0,141.0307215,jardin,12.0,jardin.shp,jardin,141.0307214992684
44583926.0,45.9414722674918,MO93,0.0,125.426803,jardin,12.0,jardin.shp,jardin,125.4268030001267
44583923.0,151.020384034053,MO93,0.0,677.472062,jardin,12.0,jardin.shp,jardin,677.4720620014274
44583922.0,148.310460502782,MO93,0.0,702.3184505,jardin,12.0,jardin.shp,jardin,702.3184504993321
44586989.0,103.346045444841,MO93,0.0,144.506895,jardin,12.0,jardin.shp,jardin,144.50689499691754
44584435.0,620.693341697029,MO93,0.0,4212.9263035,jardin,12.0,jardin.shp,jardin,4212.926303497916
44586987.0,979.073258515959,MO93,0.0,4826.7244305,jardin,12.0,jardin.shp,jardin,4826.724430492184
44584434.0,226.319666186436,MO93,0.0,743.191302,jardin,12.0,jardin.shp,jardin,743.1913020020784
44586990.0,819.113446194029,MO93,0.0,2696.9196525,jardin,12.0,jardin.shp,jardin,2696.919652500028
44583918.0,328.907743693563,MO93,0.0,543.7567935,pre,9.0,champ_pre_paturage.shp,pre,543.7567935047174
44586949.0,285.224224888864,MO93,0.0,400.071192,pre,9.0,champ_pre_paturage.shp,pre,400.0711919978997
44584431.0,270.06953228618,MO93,0.0,1124.4290315,jardin,12.0,jardin.shp,jardin,1124.4290315030962
44586945.0,423.04501219498,MO93,0.0,841.33795,pre,9.0,champ_pre_paturage.shp,pre,841.3379499876371
44586941.0,385.428815593535,MO93,0.0,839.1749905,pre,9.0,champ_pre_paturage.shp,pre,839.1749905029957
44583874.0,82.4720502139677,MO93,0.0,296.59841,jardin,12.0,jardin.shp,jardin,296.59840999761184
44583876.0,75.4547879208026,MO93,0.0,263.6780085,jardin,12.0,jardin.shp,jardin,263.67800850027
44583873.0,756.776140567991,MO93,0.0,6515.768384,jardin,12.0,jardin.shp,jardin,6515.768384003043
44584478.0,795.092384733734,MO93,0.0,3751.0346185,jardin,12.0,jardin.shp,jardin,3751.0346185014037
44583875.0,115.464574825635,MO93,0.0,496.881453,jardin,12.0,jardin.shp,jardin,496.88145299942283
44584613.0,76.2466077677801,MO93,0.0,170.155851,jardin,12.0,jardin.shp,jardin,170.15585099891274
44584477.0,48.7102096092961,MO93,0.0,134.07264,jardin,12.0,jardin.shp,jardin,134.07263999866993
44583883.0,78.622994876027,MO93,0.0,288.104695,jardin,12.0,jardin.shp,jardin,288.1046950020788
144710557.0,163.419766682968,MO93,0.0,331.7462055,jardin,12.0,jardin.shp,jardin,331.7462054926103
44584426.0,159.393686788332,MO93,0.0,437.2024025,jardin,12.0,jardin.shp,jardin,437.2024025052869
44584557.0,183.172292657628,MO93,0.0,1247.4193325,jardin,12.0,jardin.shp,jardin,1247.4193324992614
139641837.0,455.722318549306,MO93,0.0,1176.2750105,jardin,12.0,jardin.shp,jardin,1176.2750104978072
44584559.0,231.165237070783,MO93,0.0,463.286569,jardin,12.0,jardin.shp,jardin,463.2865689950793
44584480.0,155.39747423505,MO93,0.0,392.213402,jardin,12.0,jardin.shp,jardin,392.2134019944433
147063894.0,11.2689842433202,MO93,0.0,7.40738,jardin,12.0,jardin.shp,jardin,7.407380000101058
139641881.0,297.960920789036,MO93,0.0,977.124201,jardin,12.0,jardin.shp,jardin,977.124201003327
44584564.0,174.420071099719,MO93,0.0,224.5395125,jardin,12.0,jardin.shp,jardin,224.5395125074508
44584479.0,306.376915935077,MO93,0.0,1142.170931,jardin,12.0,jardin.shp,jardin,1142.1709309997407
44584562.0,83.2819111838751,MO93,0.0,105.549033,jardin,12.0,jardin.shp,jardin,105.54903299773943
44584560.0,229.297371585278,MO93,0.0,927.197725,jardin,12.0,jardin.shp,jardin,927.1977249882816
44584563.0,774.441466895571,MO93,0.0,2696.1994575,jardin,12.0,jardin.shp,jardin,2696.1994575153935
44584423.0,148.586846457559,MO93,0.0,463.86902,jardin,12.0,jardin.shp,jardin,463.86902000176974
44584561.0,85.1317046934166,MO93,0.0,109.856891,jardin,12.0,jardin.shp,jardin,109.85689099945515
44584425.0,76.9101650177139,MO93,0.0,210.0782975,jardin,12.0,jardin.shp,jardin,210.07829749820678
44584424.0,42.2136256133242,MO93,0.0,58.191102,jardin,12.0,jardin.shp,jardin,58.191101998722374
44584500.0,271.114438576554,MO93,0.0,857.120759,jardin,12.0,jardin.shp,jardin,857.1207589960806
44584530.0,65.0504058210712,MO93,0.0,61.1332805,jardin,12.0,jardin.shp,jardin,61.13328049950079
44584421.0,239.183472682158,MO93,0.0,637.876724,jardin,12.0,jardin.shp,jardin,637.8767240060826
44584501.0,59.3071568120365,MO93,0.0,101.913148,jardin,12.0,jardin.shp,jardin,101.91314799997052
44584419.0,41.2712250804682,MO93,0.0,67.147404,jardin,12.0,jardin.shp,jardin,67.1474039984203
44584544.0,60.0569763789664,MO93,0.0,92.567725,jardin,12.0,jardin.shp,jardin,92.5677249991562
44584540.0,63.9072494682087,MO93,0.0,206.91211,jardin,12.0,jardin.shp,jardin,206.91210999847607
44583940.0,136.288656880318,MO93,0.0,416.357653,jardin,12.0,jardin.shp,jardin,416.35765299651985
44585078.0,43.3299247183502,MO93,0.0,102.83638,jardin,12.0,jardin.shp,jardin,102.83638000062376
44584539.0,153.007002277863,MO93,0.0,644.3767445,jardin,12.0,jardin.shp,jardin,644.3767445055961
44584546.0,208.006315759613,MO93,0.0,798.287726,jardin,12.0,jardin.shp,jardin,798.2877259969366
44584496.0,84.9062124841947,MO93,0.0,350.9801065,jardin,12.0,jardin.shp,jardin,350.980106504387
44584497.0,269.911546879863,MO93,0.0,543.8039645,jardin,12.0,jardin.shp,jardin,543.8039645099382
44584491.0,53.5215758049586,MO93,0.0,39.62042,jardin,12.0,jardin.shp,jardin,39.6204200010944
44584498.0,189.578335914536,MO93,0.0,628.177108,jardin,12.0,jardin.shp,jardin,628.1771080027469
3839171.0,198.631274950821,MO93,0.0,718.250127,jardin,12.0,jardin.shp,jardin,718.2501269979247
3839204.0,67.972064321764,MO93,0.0,115.599535,jardin,12.0,jardin.shp,jardin,115.59953499763006
3846726.0,76.0285357106365,MO93,0.0,86.454801,jardin,12.0,jardin.shp,jardin,86.45480099780193
3846487.0,25.2772363055295,MO93,0.0,29.313285,jardin,12.0,jardin.shp,jardin,29.31328500074582
3846481.0,20.662429275975,MO93,0.0,22.98652,jardin,12.0,jardin.shp,jardin,22.986519999553934
3846488.0,148.889157355545,MO93,0.0,275.9216545,jardin,12.0,jardin.shp,jardin,275.92165450365354
137079242.0,46.4359442824651,MO93,0.0,80.528587,jardin,12.0,jardin.shp,jardin,80.52858700255753
137079210.0,118.16127610006,MO93,0.0,262.9671435,jardin,12.0,jardin.shp,jardin,262.9671434951979
94883218.0,431.973009348317,MO93,0.0,3333.8400195,jardin,12.0,jardin.shp,jardin,3333.8400194993674
92273083.0,56.9035654323317,MO93,0.0,149.1588505,jardin,12.0,jardin.shp,jardin,149.15885050081167
44584499.0,27.4287748648774,MO93,0.0,32.0304,jardin,12.0,jardin.shp,jardin,32.03040000104499
44584536.0,34.6488792767593,MO93,0.0,42.85085,jardin,12.0,jardin.shp,jardin,42.8508500009329
44584502.0,106.272419702874,MO93,0.0,221.0977815,jardin,12.0,jardin.shp,jardin,221.09778150133488
44584418.0,920.329360155481,MO93,0.0,4161.8674595,jardin,12.0,jardin.shp,jardin,4161.867459497376
44584420.0,170.990628760778,MO93,0.0,417.16708,jardin,12.0,jardin.shp,jardin,417.16708000450865
44583953.0,159.479068814223,MO93,0.0,278.8789005,jardin,12.0,jardin.shp,jardin,278.8789005012932
44584503.0,66.4269693274102,MO93,0.0,194.4200275,jardin,12.0,jardin.shp,jardin,194.4200275035903
44583947.0,139.351641994518,MO93,0.0,329.8647055,jardin,12.0,jardin.shp,jardin,329.86470550523785
44584495.0,86.3751522399772,MO93,0.0,120.0542775,jardin,12.0,jardin.shp,jardin,120.05427749704587
44584504.0,286.415615001735,MO93,0.0,1293.190262,jardin,12.0,jardin.shp,jardin,1293.1902620077444
44584490.0,179.960842201954,MO93,0.0,541.03902,jardin,12.0,jardin.shp,jardin,541.0390200018543
3846736.0,543.229152649521,MO93,0.0,3483.33566,jardin,12.0,jardin.shp,jardin,3483.335659996545
44584489.0,375.316252339777,MO93,0.0,1132.4046225,jardin,12.0,jardin.shp,jardin,1132.404622491458
3846559.0,48.2179966599299,MO93,0.0,85.269405,jardin,12.0,jardin.shp,jardin,85.26940499916059
44584493.0,140.727222323145,MO93,0.0,505.9257535,jardin,12.0,jardin.shp,jardin,505.9257534938622
94883220.0,34.3881502621094,MO93,0.0,45.9230065,jardin,12.0,jardin.shp,jardin,45.9230064999946
44584487.0,352.009418721026,MO93,0.0,1730.215921,jardin,12.0,jardin.shp,jardin,1730.215921011164
44584483.0,234.939006488986,MO93,0.0,943.5531305,jardin,12.0,jardin.shp,jardin,943.5531304971756
142424128.0,30.0547999273491,MO93,0.0,19.3217465,jardin,12.0,jardin.shp,jardin,19.321746498514674
3846483.0,340.409324378699,MO93,0.0,1426.4471865,jardin,12.0,jardin.shp,jardin,1426.4471864965099
44584432.0,49.2581571271279,MO93,0.0,81.730769,jardin,12.0,jardin.shp,jardin,81.73076900073197
44584433.0,155.372624599453,MO93,0.0,458.639261,jardin,12.0,jardin.shp,jardin,458.6392610036453
44583948.0,80.2089662404176,MO93,0.0,141.652309,jardin,12.0,jardin.shp,jardin,141.6523090024246
44584494.0,277.368558254183,MO93,0.0,643.6041765,jardin,12.0,jardin.shp,jardin,643.6041765035584
44583951.0,84.908077559801,MO93,0.0,315.8144205,jardin,12.0,jardin.shp,jardin,315.81442050094574
44584505.0,39.5997103084231,MO93,0.0,68.7857625,jardin,12.0,jardin.shp,jardin,68.78576250037433
44584428.0,29.3265798443446,MO93,0.0,52.1800745,jardin,12.0,jardin.shp,jardin,52.18007450049929
44584427.0,25.075666117953,MO93,0.0,34.7056695,jardin,12.0,jardin.shp,jardin,34.705669500010515
44584429.0,786.576972507619,MO93,0.0,5095.2090105,jardin,12.0,jardin.shp,jardin,5095.209010494477
44584485.0,240.539938866117,MO93,0.0,579.110402,jardin,12.0,jardin.shp,jardin,579.1104019973907
142424127.0,29.1336027064758,MO93,0.0,47.3149675,jardin,12.0,jardin.shp,jardin,47.314967498042186
3846478.0,272.926860475005,MO93,0.0,1018.27094,jardin,12.0,jardin.shp,jardin,1018.2709399994346
44584535.0,289.856428522388,MO93,0.0,1802.0718375,jardin,12.0,jardin.shp,jardin,1802.071837501293
3843592.0,269.937426787096,MO93,0.0,1519.1845495,jardin,12.0,jardin.shp,jardin,1519.184549501727
44584484.0,265.558118751775,MO93,0.0,580.0185715,jardin,12.0,jardin.shp,jardin,580.0185714992866
44584537.0,16.3357512981554,MO93,0.0,7.39695,jardin,12.0,jardin.shp,jardin,7.3969500003028195
83901167.0,71.6231015347541,MO93,0.0,274.4295835,jardin,12.0,jardin.shp,jardin,274.42958350080403
81927164.0,51.7780485569237,MO93,0.0,123.590781,jardin,12.0,jardin.shp,jardin,123.59078099853996
146472219.0,120.907512944871,MO93,0.0,106.8195825,jardin,12.0,jardin.shp,jardin,106.81958250481978
81927162.0,47.0860348045102,MO93,0.0,91.662095,jardin,12.0,jardin.shp,jardin,91.66209500235911
44585252.0,411.801298703587,MO93,0.0,1180.195848,jardin,12.0,jardin.shp,jardin,1180.195848001431
44585254.0,53.6924796762781,MO93,0.0,64.7516385,jardin,12.0,jardin.shp,jardin,64.75163849831615
44585251.0,53.4796053055915,MO93,0.0,95.976114,jardin,12.0,jardin.shp,jardin,95.97611400186416
44584534.0,148.044598588996,MO93,0.0,548.518335,pre,9.0,champ_pre_paturage.shp,pre,548.518335005132
44585253.0,82.0165863803317,MO93,0.0,144.147585,jardin,12.0,jardin.shp,jardin,144.14758499723087
44585256.0,54.7731822714163,MO93,0.0,147.9577855,jardin,12.0,jardin.shp,jardin,147.95778550151434
44585255.0,122.63389634337,MO93,0.0,202.6693655,jardin,12.0,jardin.shp,jardin,202.66936550451405
90082205.0,52.5368522705252,MO93,0.0,117.5593195,jardin,12.0,jardin.shp,jardin,117.55931949941277
83901494.0,55.6831805552842,MO93,0.0,63.5368825,jardin,12.0,jardin.shp,jardin,63.53688250000375
90082273.0,53.1769111529838,MO93,0.0,183.2815295,jardin,12.0,jardin.shp,jardin,183.28152950206314
3845798.0,48.1368198919235,MO93,0.0,69.4926605,jardin,12.0,jardin.shp,jardin,69.49266049964027
3843502.0,207.103424435609,MO93,0.0,1125.268169,jardin,12.0,jardin.shp,jardin,1125.2681690085465
3846020.0,188.229084746349,MO93,0.0,1218.5624995,jardin,12.0,jardin.shp,jardin,1218.5624994986986
3846019.0,278.838269179149,MO93,0.0,562.3711625,jardin,12.0,jardin.shp,jardin,562.3711625028011
3827330.0,69.7432408294128,MO93,0.0,175.251,jardin,12.0,jardin.shp,jardin,175.25100000090637
3824913.0,220.119389600572,MO93,0.0,685.5980995,jardin,12.0,jardin.shp,jardin,685.5980994993304
3843540.0,332.151756200181,MO93,0.0,1236.1731255,jardin,12.0,jardin.shp,jardin,1236.173125495487
137389760.0,73.586925742699,MO93,0.0,107.9601185,jardin,12.0,jardin.shp,jardin,107.960118501498
137389622.0,131.346610861706,MO93,0.0,296.68279,jardin,12.0,jardin.shp,jardin,296.6827899964854
3842983.0,185.81787083614,MO93,0.0,461.3884755,jardin,12.0,jardin.shp,jardin,461.3884754983737
137079211.0,384.224078250146,MO93,0.0,2606.608029,jardin,12.0,jardin.shp,jardin,2606.6080289958745
3827328.0,429.381625762254,MO93,0.0,2954.5306865,jardin,12.0,jardin.shp,jardin,2954.5306864885874
3842982.0,205.446183495906,MO93,0.0,1526.852382,jardin,12.0,jardin.shp,jardin,1526.852382003841
3843596.0,68.6550593556932,MO93,0.0,109.40499,jardin,12.0,jardin.shp,jardin,109.40498999916156
137475389.0,83.9549158134582,MO93,0.0,95.7061905,jardin,12.0,jardin.shp,jardin,95.70619049684439
3842984.0,177.022675740186,MO93,0.0,987.69219,jardin,12.0,jardin.shp,jardin,987.6921900086023
3827296.0,147.360037064075,MO93,0.0,189.9403295,jardin,12.0,jardin.shp,jardin,189.94032949926583
61382912.0,62.5595842383454,MO93,0.0,78.393626,jardin,12.0,jardin.shp,jardin,78.39362599954575
61382923.0,22.9674237391454,MO93,0.0,24.29869,jardin,12.0,jardin.shp,jardin,24.2986899994078
61382911.0,32.5180263496421,MO93,0.0,43.214445,jardin,12.0,jardin.shp,jardin,43.21444500023785
3843541.0,108.643049852168,MO93,0.0,488.0585575,jardin,12.0,jardin.shp,jardin,488.05855749748605
147741428.0,100.826307027769,MO93,0.0,423.152407,jardin,12.0,jardin.shp,jardin,423.15240699786585
3843601.0,131.036002606361,MO93,0.0,361.607715,jardin,12.0,jardin.shp,jardin,361.6077150037799
3843560.0,42.3446036594001,MO93,0.0,97.9708575,jardin,12.0,jardin.shp,jardin,97.97085749924466
3843559.0,154.494321523613,MO93,0.0,322.746059,jardin,12.0,jardin.shp,jardin,322.7460590107211
3843340.0,117.715181483149,MO93,0.0,511.173282,jardin,12.0,jardin.shp,jardin,511.1732819958554
3825650.0,45.5280164400109,MO93,0.0,56.918961,jardin,12.0,jardin.shp,jardin,56.91896099869685
138534860.0,82.2671322446965,MO93,0.0,173.246664,jardin,12.0,jardin.shp,jardin,173.246664003486
138534859.0,40.0039635995732,MO93,0.0,32.6804085,jardin,12.0,jardin.shp,jardin,32.68040849715764
3843341.0,176.762398253914,MO93,0.0,273.626635,jardin,12.0,jardin.shp,jardin,273.62663500416807
92273146.0,119.678842466772,MO93,0.0,352.678785,jardin,12.0,jardin.shp,jardin,352.6787850037464
3846484.0,211.52802679615,MO93,0.0,450.8763845,jardin,12.0,jardin.shp,jardin,450.8763844981553
3846739.0,86.7698513840429,MO93,0.0,272.82425,jardin,12.0,jardin.shp,jardin,272.8242499960377
61382919.0,39.1845745002279,MO93,0.0,76.872108,jardin,12.0,jardin.shp,jardin,76.8721080000921
61382924.0,22.9817771682693,MO93,0.0,24.340561,jardin,12.0,jardin.shp,jardin,24.340561000960868
3846729.0,37.9382237784022,MO93,0.0,49.7221,jardin,12.0,jardin.shp,jardin,49.72209999678154
61382925.0,22.9742699545797,MO93,0.0,24.3140885,jardin,12.0,jardin.shp,jardin,24.31408849865182
3846492.0,76.1409197097497,MO93,0.0,292.252975,jardin,12.0,jardin.shp,jardin,292.25297499372726
3846731.0,43.2789313810667,MO93,0.0,68.73765,jardin,12.0,jardin.shp,jardin,68.73764999897466
3846730.0,166.86786774355,MO93,0.0,639.62164,jardin,12.0,jardin.shp,jardin,639.6216400005018
3843598.0,274.68093017468,MO93,0.0,1421.711535,jardin,12.0,jardin.shp,jardin,1421.7115350005822
3847596.0,138.815792151289,MO93,0.0,340.4273045,jardin,12.0,jardin.shp,jardin,340.4273045017367
3843570.0,520.612679458215,MO93,0.0,1467.711173,jardin,12.0,jardin.shp,jardin,1467.7111729918117
3825652.0,76.0723122142222,MO93,0.0,284.938805,jardin,12.0,jardin.shp,jardin,284.93880500300105
3825651.0,62.0507643614983,MO93,0.0,159.601893,jardin,12.0,jardin.shp,jardin,159.60189300034324
121928224.0,93.6612771963048,MO93,0.0,247.119586,jardin,12.0,jardin.shp,jardin,247.11958600491997
121928201.0,9.72681442828068,MO93,0.0,6.0967155,jardin,12.0,jardin.shp,jardin,6.09671549963828
121928202.0,42.7497352802153,MO93,0.0,39.627261,jardin,12.0,jardin.shp,jardin,39.62726100264658
121928200.0,36.9171284437553,MO93,0.0,46.5205255,jardin,12.0,jardin.shp,jardin,46.5205255016057
121928208.0,14.6736590958922,MO93,0.0,13.3225,jardin,12.0,jardin.shp,jardin,13.322500000517117
3847699.0,142.545694705948,MO93,0.0,396.99345,jardin,12.0,jardin.shp,jardin,396.9934499965146
3843599.0,542.754119576261,MO93,0.0,2781.7964185,jardin,12.0,jardin.shp,jardin,2781.7964184947914
3825811.0,220.651716928969,MO93,0.0,342.8267295,jardin,12.0,jardin.shp,jardin,342.8267295039721
3839205.0,204.169011453159,MO93,0.0,781.168394,jardin,12.0,jardin.shp,jardin,781.1683940005296
61382939.0,31.6609080486412,MO93,0.0,34.2780425,jardin,12.0,jardin.shp,jardin,34.278042499860504
61382940.0,60.973843451729,MO93,0.0,106.1075285,jardin,12.0,jardin.shp,jardin,106.1075285031238
121928206.0,225.019813803806,MO93,0.0,722.2535655,jardin,12.0,jardin.shp,jardin,722.2535655137749
3827165.0,406.296949228708,MO93,0.0,1218.35651,jardin,12.0,jardin.shp,jardin,1218.3565099972705
3843571.0,20.6840745017226,MO93,0.0,26.101375,jardin,12.0,jardin.shp,jardin,26.101375000011174
61382915.0,130.139248627291,MO93,0.0,245.3710795,jardin,12.0,jardin.shp,jardin,245.37107950712848
3843498.0,174.866729077681,MO93,0.0,424.986315,jardin,12.0,jardin.shp,jardin,424.98631499913967
3849774.0,141.975752513472,MO93,0.0,538.160136,jardin,12.0,jardin.shp,jardin,538.1601360040646
3826011.0,173.241680175537,MO93,0.0,1286.2447995,jardin,12.0,jardin.shp,jardin,1286.2447994955
3825631.0,266.930109102221,MO93,0.0,2537.7638775,jardin,12.0,jardin.shp,jardin,2537.763877507363
3843343.0,179.729180513277,MO93,0.0,707.3617565,jardin,12.0,jardin.shp,jardin,707.361756501519
3843593.0,100.68065439634,MO93,0.0,546.9322605,jardin,12.0,jardin.shp,jardin,546.9322604961415
3827460.0,105.722986427165,MO93,0.0,586.6119145,jardin,12.0,jardin.shp,jardin,586.611914500722
3843573.0,78.2375588910564,MO93,0.0,321.002049,jardin,12.0,jardin.shp,jardin,321.0020490001488
133544204.0,118.446205241426,MO93,0.0,558.6296195,jardin,12.0,jardin.shp,jardin,558.6296195035424
133544290.0,224.608721974058,MO93,0.0,1253.2839865,jardin,12.0,jardin.shp,jardin,1253.2839864928876
147519183.0,35.7271656454126,MO93,0.0,39.624489,jardin,12.0,jardin.shp,jardin,39.624488999315375
121928209.0,22.5405067298017,MO93,0.0,23.8841585,jardin,12.0,jardin.shp,jardin,23.884158499059158
121928203.0,318.425512656302,MO93,0.0,1025.1024575,jardin,12.0,jardin.shp,jardin,1025.102457502842
3847610.0,31.5308742138151,MO93,0.0,54.307699,jardin,12.0,jardin.shp,jardin,54.30769899846254
3825727.0,91.638994112209,MO93,0.0,329.122515,jardin,12.0,jardin.shp,jardin,329.12251500215064
3825726.0,149.603846811534,MO93,0.0,140.783701,jardin,12.0,jardin.shp,jardin,140.78370100268057
3827173.0,526.645294165228,MO93,0.0,2192.173056,jardin,12.0,jardin.shp,jardin,2192.1730559925763
147519179.0,53.604277339452,MO93,0.0,70.376913,jardin,12.0,jardin.shp,jardin,70.3769129966953
147519177.0,19.9078837747971,MO93,0.0,21.153209,jardin,12.0,jardin.shp,jardin,21.15320899984592
3843435.0,52.7617421822996,MO93,0.0,71.820058,jardin,12.0,jardin.shp,jardin,71.82005800054766
3843195.0,349.517217801953,MO93,0.0,3263.675836,jardin,12.0,jardin.shp,jardin,3263.6758360075532
133544206.0,280.643488164267,MO93,0.0,2580.087675,jardin,12.0,jardin.shp,jardin,2580.0876750016864
133544289.0,86.3648922070825,MO93,0.0,276.840849,jardin,12.0,jardin.shp,jardin,276.84084899882157
3843428.0,316.131466308223,MO93,0.0,2378.6264185,jardin,12.0,jardin.shp,jardin,2378.6264185074774
133544202.0,91.3311834877628,MO93,0.0,423.6082585,jardin,12.0,jardin.shp,jardin,423.6082585080799
133544205.0,155.645769242212,MO93,0.0,628.8158435,jardin,12.0,jardin.shp,jardin,628.815843504144
133544200.0,72.1029937807305,MO93,0.0,271.2619745,jardin,12.0,jardin.shp,jardin,271.26197449930135
133544203.0,63.1661279322792,MO93,0.0,106.288742,jardin,12.0,jardin.shp,jardin,106.28874199704413
133544199.0,133.406179056412,MO93,0.0,912.5615795,jardin,12.0,jardin.shp,jardin,912.5615795034106
133544201.0,42.9552652424134,MO93,0.0,91.582255,jardin,12.0,jardin.shp,jardin,91.58225499835343
147519176.0,49.4469093390848,MO93,0.0,63.5571815,jardin,12.0,jardin.shp,jardin,63.557181498249136
147519170.0,75.8230912532609,MO93,0.0,105.5513255,jardin,12.0,jardin.shp,jardin,105.55132549501594
3827223.0,66.6432951093133,MO93,0.0,89.703696,jardin,12.0,jardin.shp,jardin,89.70369599975471
142985857.0,28.4655396296475,MO93,0.0,32.373873,jardin,12.0,jardin.shp,jardin,32.3738730006997
3843193.0,10.5443072589396,MO93,0.0,5.19005,jardin,12.0,jardin.shp,jardin,5.1900499994867015
3826019.0,17.9646923170318,MO93,0.0,11.390781,jardin,12.0,jardin.shp,jardin,11.390781000785957
3827167.0,69.8823705757693,MO93,0.0,102.5918915,jardin,12.0,jardin.shp,jardin,102.59189149857282
147519165.0,126.625154405809,MO93,0.0,124.0602125,jardin,12.0,jardin.shp,jardin,124.06021249839335
147519166.0,63.4279605736082,MO93,0.0,84.4658415,jardin,12.0,jardin.shp,jardin,84.46584149976898
3830855.0,41.0100988136599,MO93,0.0,78.62061,jardin,12.0,jardin.shp,jardin,78.62060999923898
44583921.0,181.584029101929,MO93,0.0,529.5788745,jardin,12.0,jardin.shp,jardin,529.5788744988685
44583919.0,679.708046577698,MO93,0.0,1507.077387,jardin,12.0,jardin.shp,jardin,1507.0773869986924
44586988.0,95.6796424451435,MO93,0.0,258.209895,jardin,12.0,jardin.shp,jardin,258.20989500139865
44583917.0,586.568657735559,MO93,0.0,2653.1734755,pre,9.0,champ_pre_paturage.shp,pre,2653.1734754868535
44586950.0,583.283070815574,MO93,0.0,2063.7275415,pre,9.0,champ_pre_paturage.shp,pre,2063.727541509038
44586946.0,680.078374467687,MO93,0.0,3801.5910115,pre,9.0,champ_pre_paturage.shp,pre,3801.5910114969683
44586937.0,238.644882420579,MO93,0.0,1199.743761,jardin,12.0,jardin.shp,jardin,1199.7437610116417
44586942.0,561.126509355267,MO93,0.0,710.505277,pre,9.0,champ_pre_paturage.shp,pre,710.5052769951099
44586938.0,701.570909350498,MO93,0.0,5354.7221835,jardin,12.0,jardin.shp,jardin,5354.722183511976
90081078.0,183.634615325603,MO93,0.0,708.5220125,jardin,12.0,jardin.shp,jardin,708.5220124955864
44583924.0,137.134976930515,MO93,0.0,505.039237,jardin,12.0,jardin.shp,jardin,505.0392369958317
44584417.0,148.382759597902,MO93,0.0,619.563372,jardin,12.0,jardin.shp,jardin,619.5633720032407
3822829.0,166.383209192759,MO93,0.0,205.1688545,jardin,12.0,jardin.shp,jardin,205.1688544991896
3822830.0,260.60947578332,MO93,0.0,1238.5888425,pre,9.0,champ_pre_paturage.shp,pre,1238.5888424999926
3823617.0,283.79900691066,MO93,0.0,1766.9518645,pre,9.0,champ_pre_paturage.shp,pre,1766.9518645113092
3823619.0,144.368797204979,MO93,0.0,767.311634,jardin,12.0,jardin.shp,jardin,767.3116339995078
3823067.0,468.776655662191,MO93,0.0,514.5256485,jardin,12.0,jardin.shp,jardin,514.5256484889654
3823036.0,259.87669953878,MO93,0.0,1097.617868,pre,9.0,champ_pre_paturage.shp,pre,1097.617867999628
90081116.0,551.091763898538,MO93,0.0,3851.189027,jardin,12.0,jardin.shp,jardin,3851.1890270046197
3823016.0,238.063860819577,MO93,0.0,963.094894,pre,9.0,champ_pre_paturage.shp,pre,963.0948939925862
3850647.0,214.726460258394,MO93,0.0,734.9385795,jardin,12.0,jardin.shp,jardin,734.9385794919538
3823748.0,478.828928074859,MO93,0.0,1868.4250965,jardin,12.0,jardin.shp,jardin,1868.4250964945334
3823012.0,46.2838472009494,MO93,0.0,90.287173,jardin,12.0,jardin.shp,jardin,90.28717300029372
3823010.0,59.3041685495185,MO93,0.0,112.984804,jardin,12.0,jardin.shp,jardin,112.98480399961878
3823068.0,23.1676569216798,MO93,0.0,26.32504,jardin,12.0,jardin.shp,jardin,26.32504000006329
3823749.0,83.8806085386392,MO93,0.0,151.644758,jardin,12.0,jardin.shp,jardin,151.64475800140326
122424468.0,25.4005263799301,MO93,0.0,26.826516,jardin,12.0,jardin.shp,jardin,26.826516000448905
122424467.0,25.4754557683416,MO93,0.0,27.07072,jardin,12.0,jardin.shp,jardin,27.070720000041273
3823069.0,139.810694017424,MO93,0.0,515.018622,jardin,12.0,jardin.shp,jardin,515.0186219915092
3823753.0,278.910489411674,MO93,0.0,1170.4824005,jardin,12.0,jardin.shp,jardin,1170.4824005005075
90081146.0,31.7228354269679,MO93,0.0,61.34324,jardin,12.0,jardin.shp,jardin,61.343239998565274
90082274.0,196.256878509449,MO93,0.0,355.2700475,jardin,12.0,jardin.shp,jardin,355.27004749913107
90082279.0,28.052016497173,MO93,0.0,31.572601,jardin,12.0,jardin.shp,jardin,31.572600998991547
90082281.0,29.0591818165383,MO93,0.0,29.9521835,jardin,12.0,jardin.shp,jardin,29.952183500297878
90081081.0,557.913045266511,MO93,0.0,3654.65142,jardin,12.0,jardin.shp,jardin,3654.651420001631
90081077.0,241.098637004108,MO93,0.0,897.9323985,jardin,12.0,jardin.shp,jardin,897.932398495984
122225320.0,72.7542902216604,MO93,0.0,227.3791125,jardin,12.0,jardin.shp,jardin,227.37911249927853
90082287.0,328.886415798419,MO93,0.0,1503.774402,jardin,12.0,jardin.shp,jardin,1503.7744019998725
90081072.0,179.745272979458,MO93,0.0,620.0596245,jardin,12.0,jardin.shp,jardin,620.0596245026727
90082288.0,93.6107413734424,MO93,0.0,182.513455,jardin,12.0,jardin.shp,jardin,182.51345499835261
90081154.0,98.4909500325958,MO93,0.0,394.8712175,jardin,12.0,jardin.shp,jardin,394.87121750288884
90081114.0,72.7332484583219,MO93,0.0,98.0386335,jardin,12.0,jardin.shp,jardin,98.0386334976272
37159498.0,757.296058832128,MO93,0.0,5408.8878565,jardin,12.0,jardin.shp,jardin,5408.88785650114
37159499.0,275.782433766338,MO93,0.0,840.8130655,jardin,12.0,jardin.shp,jardin,840.813065497637
90081090.0,1394.77659790571,MO93,0.0,8545.3392815,jardin,12.0,jardin.shp,jardin,8545.339281482544
37159416.0,904.778443712661,MO93,0.0,4141.8589655,jardin,12.0,jardin.shp,jardin,4141.858965496261
90081087.0,45.4043754062071,MO93,0.0,139.532041,jardin,12.0,jardin.shp,jardin,139.53204100064667
90081085.0,39.9843989109183,MO93,0.0,97.7257505,jardin,12.0,jardin.shp,jardin,97.72575049806393
90081086.0,39.3312661808882,MO93,0.0,93.7936005,jardin,12.0,jardin.shp,jardin,93.79360049987864
90081100.0,452.787276095948,MO93,0.0,1884.235862,jardin,12.0,jardin.shp,jardin,1884.2358620017787
90081052.0,93.9012685099432,MO93,0.0,190.8359825,jardin,12.0,jardin.shp,jardin,190.83598250265237
90081074.0,101.141419550197,MO93,0.0,188.3997355,jardin,12.0,jardin.shp,jardin,188.3997354976818
90081053.0,72.4900126423106,MO93,0.0,218.23018,jardin,12.0,jardin.shp,jardin,218.23018000040173
90081145.0,272.342174795011,MO93,0.0,631.0740565,jardin,12.0,jardin.shp,jardin,631.0740565036036
90081060.0,241.592804478663,MO93,0.0,343.72135,jardin,12.0,jardin.shp,jardin,343.72135000166423
90081056.0,536.767943161283,MO93,0.0,1709.2441515,jardin,12.0,jardin.shp,jardin,1709.2441515035557
90081066.0,69.7256934063074,MO93,0.0,105.236126,jardin,12.0,jardin.shp,jardin,105.23612599889498
90081064.0,344.075473459654,MO93,0.0,1214.641096,jardin,12.0,jardin.shp,jardin,1214.6410960117994
90081041.0,43.874822783137,MO93,0.0,110.8978855,jardin,12.0,jardin.shp,jardin,110.89788549943367
90081063.0,633.022571791385,MO93,0.0,4277.8715365,jardin,12.0,jardin.shp,jardin,4277.871536508329
90081089.0,185.270477529909,MO93,0.0,985.3695205,jardin,12.0,jardin.shp,jardin,985.3695205078079
90081088.0,137.147733606639,MO93,0.0,495.972124,jardin,12.0,jardin.shp,jardin,495.97212399898063
37159428.0,73.2423083244443,MO93,0.0,228.37605,jardin,12.0,jardin.shp,jardin,228.37604999933373
37159429.0,151.917243731602,MO93,0.0,485.348196,jardin,12.0,jardin.shp,jardin,485.3481960015478
90081093.0,133.168885981082,MO93,0.0,380.741011,jardin,12.0,jardin.shp,jardin,380.7410110031921
90081096.0,46.616694601593,MO93,0.0,79.217352,jardin,12.0,jardin.shp,jardin,79.2173520005679
90081103.0,206.127627221805,MO93,0.0,1050.071325,jardin,12.0,jardin.shp,jardin,1050.0713250023666
37159430.0,809.984061716677,MO93,0.0,3228.1630825,jardin,12.0,jardin.shp,jardin,3228.163082501324
90081104.0,243.040272998921,MO93,0.0,1254.777982,jardin,12.0,jardin.shp,jardin,1254.777982006024
90082341.0,65.5185738204678,MO93,0.0,109.824058,jardin,12.0,jardin.shp,jardin,109.82405800257234
37159421.0,85.6490952569949,MO93,0.0,279.5193095,jardin,12.0,jardin.shp,jardin,279.51930950310646
37159426.0,56.3935826231029,MO93,0.0,40.209279,jardin,12.0,jardin.shp,jardin,40.20927899931497
37159422.0,43.5629229798776,MO93,0.0,59.77645,jardin,12.0,jardin.shp,jardin,59.776449999517254
37159417.0,24.170832629935,MO93,0.0,12.182295,jardin,12.0,jardin.shp,jardin,12.18229499986644
37159425.0,25.0439411303072,MO93,0.0,22.578746,jardin,12.0,jardin.shp,jardin,22.578745999648515
37159419.0,97.8381899669758,MO93,0.0,321.9045855,jardin,12.0,jardin.shp,jardin,321.9045854990388
37159418.0,86.0429925191094,MO93,0.0,142.827025,jardin,12.0,jardin.shp,jardin,142.82702500122417
37171110.0,26.073660421408,MO93,0.0,40.9590835,jardin,12.0,jardin.shp,jardin,40.95908349972342
37171111.0,44.0055516811881,MO93,0.0,99.488301,jardin,12.0,jardin.shp,jardin,99.48830100165924
37171109.0,100.271119453088,MO93,0.0,274.7609605,jardin,12.0,jardin.shp,jardin,274.76096050418755
90081040.0,32.8414396137468,MO93,0.0,64.071682,jardin,12.0,jardin.shp,jardin,64.07168199961599
90081039.0,52.0365313087542,MO93,0.0,77.544939,jardin,12.0,jardin.shp,jardin,77.5449389997643
90081139.0,74.6402932551061,MO93,0.0,339.218128,jardin,12.0,jardin.shp,jardin,339.21812799990715
90081137.0,65.9242173427659,MO93,0.0,263.1634545,jardin,12.0,jardin.shp,jardin,263.1634545002454
90081141.0,51.5953119448938,MO93,0.0,99.767606,jardin,12.0,jardin.shp,jardin,99.76760599895289
90081134.0,48.0404320622851,MO93,0.0,111.4047885,jardin,12.0,jardin.shp,jardin,111.40478849875453
90081044.0,345.778572863673,MO93,0.0,1996.0448835,jardin,12.0,jardin.shp,jardin,1996.044883492759
90081142.0,85.0037785312319,MO93,0.0,193.961376,jardin,12.0,jardin.shp,jardin,193.96137600017553
90081693.0,53.0921845365999,MO93,0.0,144.343619,jardin,12.0,jardin.shp,jardin,144.34361900027847
90081695.0,40.2628242632859,MO93,0.0,91.3879145,jardin,12.0,jardin.shp,jardin,91.387914501265
90081689.0,34.9396840119674,MO93,0.0,69.886777,jardin,12.0,jardin.shp,jardin,69.88677699885491
90081691.0,40.0103365394358,MO93,0.0,89.3056895,jardin,12.0,jardin.shp,jardin,89.3056895018472
90081151.0,534.859527382186,MO93,0.0,1625.1915035,jardin,12.0,jardin.shp,jardin,1625.1915035033576
90081107.0,70.2550794240331,MO93,0.0,146.19868,jardin,12.0,jardin.shp,jardin,146.19867999977936
136683600.0,56.4973715878436,MO93,0.0,37.1720235,jardin,12.0,jardin.shp,jardin,37.1720235038559
37171087.0,46.7579604675382,MO93,0.0,75.278655,jardin,12.0,jardin.shp,jardin,75.27865500189228
90081705.0,515.635350222156,MO93,0.0,1149.7373305,jardin,12.0,jardin.shp,jardin,1149.7373305021079
90081704.0,150.364680468568,MO93,0.0,357.2608755,jardin,12.0,jardin.shp,jardin,357.26087549239475
90081108.0,52.7635809021661,MO93,0.0,56.2646,jardin,12.0,jardin.shp,jardin,56.26459999696338
90082322.0,10.6120210760277,MO93,0.0,4.8568595,jardin,12.0,jardin.shp,jardin,4.856859499743811
147519193.0,39.0134730697565,MO93,0.0,27.455601,jardin,12.0,jardin.shp,jardin,27.455601000149645
142985854.0,119.241065184167,MO93,0.0,580.2176225,jardin,12.0,jardin.shp,jardin,580.2176224997928
3827174.0,49.0453744975356,MO93,0.0,157.0014715,jardin,12.0,jardin.shp,jardin,157.00147149964764
3827228.0,181.726417392236,MO93,0.0,295.284574,jardin,12.0,jardin.shp,jardin,295.2845739974838
142985853.0,222.446959062578,MO93,0.0,1111.738439,jardin,12.0,jardin.shp,jardin,1111.738438999155
83901169.0,275.359246600801,MO93,0.0,813.8599165,jardin,12.0,jardin.shp,jardin,813.8599165104245
3843135.0,92.5672742056637,MO93,0.0,250.4654775,jardin,12.0,jardin.shp,jardin,250.46547749961942
142985859.0,19.7324229886559,MO93,0.0,19.553465,jardin,12.0,jardin.shp,jardin,19.553464999657557
3843430.0,180.605971287474,MO93,0.0,455.9467045,jardin,12.0,jardin.shp,jardin,455.94670449908665
142985858.0,29.2493248866694,MO93,0.0,31.23872,jardin,12.0,jardin.shp,jardin,31.23872000134186
133633991.0,53.0678888293054,MO93,0.0,34.256114,jardin,12.0,jardin.shp,jardin,34.256114000802306
133633992.0,16.0757266975366,MO93,0.0,15.213342,jardin,12.0,jardin.shp,jardin,15.213342000184063
44583950.0,629.277787470904,MO93,0.0,2084.0713585,jardin,12.0,jardin.shp,jardin,2084.071358497084
133633993.0,34.8324790436961,MO93,0.0,42.9620505,jardin,12.0,jardin.shp,jardin,42.96205050087408
44584492.0,225.825283097676,MO93,0.0,680.5658775,jardin,12.0,jardin.shp,jardin,680.56587750374
133633994.0,47.8286493404769,MO93,0.0,62.422952,jardin,12.0,jardin.shp,jardin,62.422952001178324
83901503.0,55.7532247761944,MO93,0.0,174.767975,jardin,12.0,jardin.shp,jardin,174.76797499619394
83901497.0,54.7845264957519,MO93,0.0,170.879811,jardin,12.0,jardin.shp,jardin,170.8798110000202
83901502.0,85.9640117419602,MO93,0.0,246.7354705,jardin,12.0,jardin.shp,jardin,246.73547050265572
83901492.0,966.360458618347,MO93,0.0,4985.970123,jardin,12.0,jardin.shp,jardin,4985.970122987409
83901504.0,50.5762019919747,MO93,0.0,118.6729155,jardin,12.0,jardin.shp,jardin,118.67291550126016
90082264.0,605.750960530094,MO93,0.0,2086.9069475,jardin,12.0,jardin.shp,jardin,2086.9069474974062
90082272.0,168.657371985833,MO93,0.0,498.4131585,jardin,12.0,jardin.shp,jardin,498.4131584945459
90082204.0,408.799345112261,MO93,0.0,939.2426155,jardin,12.0,jardin.shp,jardin,939.242615501225
90081128.0,86.8654732471003,MO93,0.0,172.7364575,jardin,12.0,jardin.shp,jardin,172.73645749953354
83901499.0,28.2320591375073,MO93,0.0,32.5674935,jardin,12.0,jardin.shp,jardin,32.567493499524055
90082262.0,119.199721468156,MO93,0.0,443.936903,jardin,12.0,jardin.shp,jardin,443.93690300354064
90082282.0,418.153158430056,MO93,0.0,1846.373595,jardin,12.0,jardin.shp,jardin,1846.3735950021164
90082283.0,101.493393448351,MO93,0.0,297.5255625,jardin,12.0,jardin.shp,jardin,297.52556249811016
83901439.0,209.685584597268,MO93,0.0,744.662984,jardin,12.0,jardin.shp,jardin,744.6629839948708
147519192.0,17.6765533954309,MO93,0.0,14.3517795,jardin,12.0,jardin.shp,jardin,14.351779499300937
147519199.0,31.9181105862424,MO93,0.0,45.912236,jardin,12.0,jardin.shp,jardin,45.91223600028109
66826639.0,17.1754253554339,MO93,0.0,16.68735,jardin,12.0,jardin.shp,jardin,16.687349999174337
147519190.0,32.3370193682152,MO93,0.0,61.5271595,jardin,12.0,jardin.shp,jardin,61.52715949806485
83901176.0,234.149853376125,MO93,0.0,1052.625637,jardin,12.0,jardin.shp,jardin,1052.625637003591
3827226.0,32.5829476884471,MO93,0.0,66.32795,jardin,12.0,jardin.shp,jardin,66.3279500009962
66826640.0,74.0725257332184,MO93,0.0,100.7807095,jardin,12.0,jardin.shp,jardin,100.78070949914586
147519188.0,24.813980589249,MO93,0.0,30.761419,jardin,12.0,jardin.shp,jardin,30.76141899960394
3843156.0,352.85451686733,MO93,0.0,1441.9878215,jardin,12.0,jardin.shp,jardin,1441.9878214869386
3839501.0,45.2741426182933,MO93,0.0,91.08468,jardin,12.0,jardin.shp,jardin,91.08467999942614
83901170.0,73.7853383071275,MO93,0.0,133.3624185,jardin,12.0,jardin.shp,jardin,133.36241849764966
83901414.0,501.242422828391,MO93,0.0,2205.5015825,jardin,12.0,jardin.shp,jardin,2205.5015825066334
83901172.0,250.97131654956,MO93,0.0,587.833554,jardin,12.0,jardin.shp,jardin,587.833553993407
83901175.0,288.286040922866,MO93,0.0,1216.510717,jardin,12.0,jardin.shp,jardin,1216.5107170067292
83901174.0,81.7810790497652,MO93,0.0,146.1709945,jardin,12.0,jardin.shp,jardin,146.1709944959979
83901173.0,104.627416183311,MO93,0.0,123.0506925,jardin,12.0,jardin.shp,jardin,123.05069249939804
83901180.0,319.556798532181,MO93,0.0,1458.5130065,jardin,12.0,jardin.shp,jardin,1458.5130064979262
83901177.0,136.838202932528,MO93,0.0,328.845171,jardin,12.0,jardin.shp,jardin,328.84517099938466
83901178.0,52.8695616423748,MO93,0.0,114.3457385,jardin,12.0,jardin.shp,jardin,114.34573850092303
83901829.0,453.487737708112,MO93,0.0,2489.855542,jardin,12.0,jardin.shp,jardin,2489.8555420020466
90081057.0,76.8364375502228,MO93,0.0,151.213196,jardin,12.0,jardin.shp,jardin,151.21319599760696
90081058.0,70.5229257651504,MO93,0.0,83.289178,jardin,12.0,jardin.shp,jardin,83.28917800035894
90081031.0,161.366833540865,MO93,0.0,389.9882545,jardin,12.0,jardin.shp,jardin,389.98825450446583
90081131.0,88.754389671132,MO93,0.0,299.7654325,jardin,12.0,jardin.shp,jardin,299.76543249852153
83901444.0,116.739094192183,MO93,0.0,274.262649,jardin,12.0,jardin.shp,jardin,274.2626489966208
83901436.0,71.5363045719905,MO93,0.0,183.9411805,jardin,12.0,jardin.shp,jardin,183.9411805003338
90081042.0,56.9767803900946,MO93,0.0,121.471172,jardin,12.0,jardin.shp,jardin,121.47117200088421
90081032.0,69.1331167525177,MO93,0.0,157.1655295,jardin,12.0,jardin.shp,jardin,157.16552950080066
83901443.0,126.020764467697,MO93,0.0,270.1392275,jardin,12.0,jardin.shp,jardin,270.13922750056764
90081036.0,53.0176470933055,MO93,0.0,147.843458,jardin,12.0,jardin.shp,jardin,147.84345800123933
83901493.0,693.300125619325,MO93,0.0,2821.44161,jardin,12.0,jardin.shp,jardin,2821.441609993582
83901474.0,42.855427246984,MO93,0.0,48.8595355,jardin,12.0,jardin.shp,jardin,48.85953549704913
83901467.0,47.5125557659275,MO93,0.0,88.626204,jardin,12.0,jardin.shp,jardin,88.62620400053605
83901481.0,39.9598834181673,MO93,0.0,47.561682,jardin,12.0,jardin.shp,jardin,47.561681997789684
83901482.0,252.104694395927,MO93,0.0,538.911719,jardin,12.0,jardin.shp,jardin,538.9117190028813
83901480.0,101.563020462796,MO93,0.0,104.5373895,jardin,12.0,jardin.shp,jardin,104.53738949950707
83901446.0,908.767320521989,MO93,0.0,3984.989703,jardin,12.0,jardin.shp,jardin,3984.9897029942867
83901166.0,190.243715729586,MO93,0.0,1083.0134475,jardin,12.0,jardin.shp,jardin,1083.0134475034752
97713052.0,154.939530455333,MO93,0.0,483.9229435,jardin,12.0,jardin.shp,jardin,483.9229434967272
83901893.0,240.397605856065,MO93,0.0,1224.5322795,jardin,12.0,jardin.shp,jardin,1224.5322794994079
90081033.0,71.4916137552426,MO93,0.0,142.4413165,jardin,12.0,jardin.shp,jardin,142.4413164994219
90081034.0,39.6719957546754,MO93,0.0,57.815451,jardin,12.0,jardin.shp,jardin,57.81545100073551
90081865.0,78.7983726347345,MO93,0.0,312.7898445,jardin,12.0,jardin.shp,jardin,312.7898444994658
90081171.0,189.786231827738,MO93,0.0,642.7952265,jardin,12.0,jardin.shp,jardin,642.7952265017124
90081170.0,78.2067118679083,MO93,0.0,88.9505455,jardin,12.0,jardin.shp,jardin,88.95054550019293
90081168.0,96.9309842990586,MO93,0.0,185.483958,jardin,12.0,jardin.shp,jardin,185.48395800402002
90081864.0,30.3986442899874,MO93,0.0,26.8863025,jardin,12.0,jardin.shp,jardin,26.88630249960638
90081167.0,77.5083942867414,MO93,0.0,178.708385,jardin,12.0,jardin.shp,jardin,178.70838499561
90081166.0,64.4420445930477,MO93,0.0,149.3846475,jardin,12.0,jardin.shp,jardin,149.38464749884918
133346321.0,40.1247566186582,MO93,0.0,48.9579325,jardin,12.0,jardin.shp,jardin,48.957932500532124
83901601.0,353.363509533249,MO93,0.0,2076.6955525,jardin,12.0,jardin.shp,jardin,2076.6955524929513
83901604.0,60.8328648551107,MO93,0.0,192.9496585,jardin,12.0,jardin.shp,jardin,192.94965849937358
83901853.0,245.964019063127,MO93,0.0,1921.357607,jardin,12.0,jardin.shp,jardin,1921.3576069967505
83901147.0,88.6755122152881,MO93,0.0,84.685239,jardin,12.0,jardin.shp,jardin,84.68523900139033
83901839.0,151.150856936748,MO93,0.0,357.8686765,jardin,12.0,jardin.shp,jardin,357.8686765020595
83901854.0,67.6284254284936,MO93,0.0,224.9790395,jardin,12.0,jardin.shp,jardin,224.97903950146707
83901151.0,179.278945581059,MO93,0.0,514.163279,jardin,12.0,jardin.shp,jardin,514.1632789987265
83901847.0,182.00631210699,MO93,0.0,766.1421585,jardin,12.0,jardin.shp,jardin,766.1421584930612
83901863.0,34.6214708799005,MO93,0.0,53.6528245,jardin,12.0,jardin.shp,jardin,53.65282450192188
83901862.0,36.415110021502,MO93,0.0,76.183086,jardin,12.0,jardin.shp,jardin,76.18308600126778
83901159.0,151.078332015156,MO93,0.0,294.4386915,jardin,12.0,jardin.shp,jardin,294.43869149939417
83901120.0,113.703974672078,MO93,0.0,465.797329,jardin,12.0,jardin.shp,jardin,465.7973290022362
83901119.0,83.3149499751588,MO93,0.0,202.382904,jardin,12.0,jardin.shp,jardin,202.38290399943963
83901158.0,124.647435857893,MO93,0.0,85.6322135,jardin,12.0,jardin.shp,jardin,85.63221350276989
83901121.0,113.76274048016,MO93,0.0,469.2620245,jardin,12.0,jardin.shp,jardin,469.2620245004206
83901117.0,73.5823674651974,MO93,0.0,292.8279015,jardin,12.0,jardin.shp,jardin,292.82790150061317
140420667.0,26.0789462086845,MO93,0.0,21.8942355,jardin,12.0,jardin.shp,jardin,21.894235500209447
83901116.0,62.001503946364,MO93,0.0,211.0638065,jardin,12.0,jardin.shp,jardin,211.0638065000208
140420668.0,9.08158375225732,MO93,0.0,4.695497,jardin,12.0,jardin.shp,jardin,4.69549699978621
140420669.0,9.12308292479274,MO93,0.0,4.7475425,jardin,12.0,jardin.shp,jardin,4.747542500053164
3827137.0,121.785583722881,MO93,0.0,460.9599115,jardin,12.0,jardin.shp,jardin,460.9599115032073
3830835.0,31.1883871517818,MO93,0.0,59.034015,jardin,12.0,jardin.shp,jardin,59.03401500072576
147519208.0,45.1749487364344,MO93,0.0,74.417883,foret,18.0,MOVD_CAD_TPR_CSBOIS_S.shp,foret,74.41788300243616
147519210.0,43.244893396231,MO93,0.0,116.5315795,foret,18.0,MOVD_CAD_TPR_CSBOIS_S.shp,foret,116.53157950125751
147519211.0,78.8503022886183,MO93,0.0,172.4641715,foret,18.0,MOVD_CAD_TPR_CSBOIS_S.shp,foret,172.4641715005401
147519212.0,80.7387771681541,MO93,0.0,329.4935225,foret,18.0,MOVD_CAD_TPR_CSBOIS_S.shp,foret,329.49352250102794
3832278.0,79.9129705824681,MO93,0.0,220.903948,jardin,12.0,jardin.shp,jardin,220.9039479932474
147519215.0,72.7910115002548,MO93,0.0,145.9923045,foret,18.0,MOVD_CAD_TPR_CSBOIS_S.shp,foret,145.99230450218428
147519209.0,155.664051398922,MO93,0.0,509.948431,foret,18.0,MOVD_CAD_TPR_CSBOIS_S.shp,foret,509.9484310015693
3839499.0,39.0365368406346,MO93,0.0,60.6432,jardin,12.0,jardin.shp,jardin,60.64320000066138
3843196.0,150.436431694165,MO93,0.0,599.421411,foret,18.0,MOVD_CAD_TPR_CSBOIS_S.shp,foret,599.4214110015055
147519213.0,208.345063674877,MO93,0.0,859.679421,foret,18.0,MOVD_CAD_TPR_CSBOIS_S.shp,foret,859.6794209947658
147519207.0,82.3825877962988,MO93,0.0,99.5520145,foret,18.0,MOVD_CAD_TPR_CSBOIS_S.shp,foret,99.55201450066588
147519214.0,37.5874776900894,MO93,0.0,63.7836215,foret,18.0,MOVD_CAD_TPR_CSBOIS_S.shp,foret,63.78362150026416
3839498.0,167.108062936393,MO93,0.0,1120.055612,jardin,12.0,jardin.shp,jardin,1120.0556120054569
147519201.0,63.9991169565876,MO93,0.0,265.870149,foret,18.0,MOVD_CAD_TPR_CSBOIS_S.shp,foret,265.87014900355376
147519205.0,200.716805639504,MO93,0.0,964.512602,foret,18.0,MOVD_CAD_TPR_CSBOIS_S.shp,foret,964.51260199992
147519206.0,35.1866758524513,MO93,0.0,35.370817,foret,18.0,MOVD_CAD_TPR_CSBOIS_S.shp,foret,35.37081699939656
3832277.0,33.6185252056685,MO93,0.0,46.947826,jardin,12.0,jardin.shp,jardin,46.947826000824215
147519202.0,32.6680153479763,MO93,0.0,49.9748695,foret,18.0,MOVD_CAD_TPR_CSBOIS_S.shp,foret,49.97486949983684
139445641.0,55.3211173981471,MO93,0.0,90.585528,jardin,12.0,jardin.shp,jardin,90.5855279992708
147519203.0,100.791898022554,MO93,0.0,298.9576155,foret,18.0,MOVD_CAD_TPR_CSBOIS_S.shp,foret,298.95761549836294
133544209.0,76.0534315126554,MO93,0.0,188.4892725,jardin,12.0,jardin.shp,jardin,188.48927250309916
147519204.0,66.5084340892365,MO93,0.0,114.0852555,foret,18.0,MOVD_CAD_TPR_CSBOIS_S.shp,foret,114.08525550062812
133544208.0,111.814056247572,MO93,0.0,266.361999,jardin,12.0,jardin.shp,jardin,266.36199899890147
3828646.0,163.51613092636,MO93,0.0,494.4790245,jardin,12.0,jardin.shp,jardin,494.47902450189383
139436490.0,19.3471650126441,MO93,0.0,20.7770895,jardin,12.0,jardin.shp,jardin,20.77708949975798
139436496.0,30.8223317299913,MO93,0.0,42.4761715,jardin,12.0,jardin.shp,jardin,42.47617149943363
3836783.0,165.528796802168,MO93,0.0,771.28474,jardin,12.0,jardin.shp,jardin,771.2847399999312
3830818.0,38.9926230306278,MO93,0.0,84.270839,jardin,12.0,jardin.shp,jardin,84.27083900056758
139436494.0,28.8715467370259,MO93,0.0,38.5839915,jardin,12.0,jardin.shp,jardin,38.583991500391626
147519162.0,223.843349825053,MO93,0.0,712.657774,jardin,12.0,jardin.shp,jardin,712.6577740002905
3831091.0,386.453695277894,MO93,0.0,1533.8757565,jardin,12.0,jardin.shp,jardin,1533.875756505358
3831090.0,36.819707262019,MO93,0.0,50.500237,jardin,12.0,jardin.shp,jardin,50.500236999121334
139436498.0,18.2261916601822,MO93,0.0,21.172582,jardin,12.0,jardin.shp,jardin,21.1725819997788
147519161.0,80.2524502496696,MO93,0.0,179.5300085,jardin,12.0,jardin.shp,jardin,179.53000850147288
147519168.0,30.4571653358959,MO93,0.0,27.863389,jardin,12.0,jardin.shp,jardin,27.863389004146068
3830777.0,42.7114390230112,MO93,0.0,89.5592,jardin,12.0,jardin.shp,jardin,89.5591999994013
140282430.0,113.465543643976,MO93,0.0,610.759119,jardin,12.0,jardin.shp,jardin,610.7591189930382
147519153.0,49.5125066507376,MO93,0.0,136.7095865,jardin,12.0,jardin.shp,jardin,136.70958650247366
133544213.0,59.9447296469303,MO93,0.0,155.26012,jardin,12.0,jardin.shp,jardin,155.26012000059643
133544210.0,184.682837771331,MO93,0.0,875.874915,jardin,12.0,jardin.shp,jardin,875.8749149985464
147519142.0,24.5983598724389,MO93,0.0,22.8156445,jardin,12.0,jardin.shp,jardin,22.81564450013701
3833739.0,310.661435431681,MO93,0.0,899.8777275,jardin,12.0,jardin.shp,jardin,899.8777274970462
147519141.0,45.8218166397482,MO93,0.0,51.1146555,jardin,12.0,jardin.shp,jardin,51.11465550104435
147519140.0,150.039220063212,MO93,0.0,365.582599,jardin,12.0,jardin.shp,jardin,365.58259900207264
3833591.0,53.8425531816713,MO93,0.0,153.9417415,jardin,12.0,jardin.shp,jardin,153.9417414996291
3830979.0,202.546385379922,MO93,0.0,666.447819,jardin,12.0,jardin.shp,jardin,666.4478190013511
3832270.0,54.983015006229,MO93,0.0,86.04225,jardin,12.0,jardin.shp,jardin,86.04225000231853
3844359.0,587.415396308376,MO93,0.0,2480.240357,jardin,12.0,jardin.shp,jardin,2480.2403570117176
147519187.0,24.4920915771323,MO93,0.0,26.5257465,jardin,12.0,jardin.shp,jardin,26.525746500749154
147519163.0,104.046852195575,MO93,0.0,292.2646745,jardin,12.0,jardin.shp,jardin,292.2646745009514
3841229.0,104.658772331968,MO93,0.0,580.037081,jardin,12.0,jardin.shp,jardin,580.0370810024286
147519160.0,30.5695560143885,MO93,0.0,20.369363,jardin,12.0,jardin.shp,jardin,20.369363000171035
3836782.0,67.1290991411517,MO93,0.0,227.4427175,jardin,12.0,jardin.shp,jardin,227.4427175021909
3840756.0,57.6645416409782,MO93,0.0,67.515445,jardin,12.0,jardin.shp,jardin,67.51544500169757
3844307.0,63.7504158934859,MO93,0.0,181.21678,jardin,12.0,jardin.shp,jardin,181.21678000134742
147519155.0,30.6867085812511,MO93,0.0,58.7144695,jardin,12.0,jardin.shp,jardin,58.714469500027946
148178398.0,136.243981043236,MO93,0.0,698.134145,jardin,12.0,jardin.shp,jardin,698.1341450008904
3827346.0,85.0556150407285,MO93,0.0,406.3442465,jardin,12.0,jardin.shp,jardin,406.344246498107
3828645.0,141.305638753925,MO93,0.0,371.923154,jardin,12.0,jardin.shp,jardin,371.92315400021937
3828935.0,216.125921071422,MO93,0.0,1083.3487825,jardin,12.0,jardin.shp,jardin,1083.348782503713
3834845.0,229.370630295118,MO93,0.0,715.86649,jardin,12.0,jardin.shp,jardin,715.8664899954213
3831048.0,104.297398831622,MO93,0.0,379.415688,jardin,12.0,jardin.shp,jardin,379.4156880025487
3834841.0,11.1910157018475,MO93,0.0,5.856,jardin,12.0,jardin.shp,jardin,5.8559999995292165
3840057.0,632.411203987232,MO93,0.0,1802.745885,jardin,12.0,jardin.shp,jardin,1802.745885008134
60503788.0,16.9580773761239,MO93,0.0,9.9658,jardin,12.0,jardin.shp,jardin,9.96580000056727
3831044.0,144.906072993171,MO93,0.0,694.854745,jardin,12.0,jardin.shp,jardin,694.8547450005083
3842949.0,23.8574426203317,MO93,0.0,34.3652515,jardin,12.0,jardin.shp,jardin,34.36525150028722
3847026.0,10.1827493676185,MO93,0.0,6.00525,jardin,12.0,jardin.shp,jardin,6.005249999625608
3831553.0,63.8926698424435,MO93,0.0,138.6185695,jardin,12.0,jardin.shp,jardin,138.61856950042883
3831392.0,19.5497688063643,MO93,0.0,14.9584,jardin,12.0,jardin.shp,jardin,14.958400000541843
3834112.0,164.724082589554,MO93,0.0,499.8511515,jardin,12.0,jardin.shp,jardin,499.85115150620265
3844302.0,46.1810292784798,MO93,0.0,55.811788,jardin,12.0,jardin.shp,jardin,55.811788000053696
3831378.0,32.8894225745454,MO93,0.0,57.0322845,jardin,12.0,jardin.shp,jardin,57.03228449847428
3839827.0,342.285782930827,MO93,0.0,1204.2020665,jardin,12.0,jardin.shp,jardin,1204.202066493384
142200164.0,96.213298950267,MO93,0.0,109.98217,jardin,12.0,jardin.shp,jardin,109.98216999960637
3832275.0,136.557089276304,MO93,0.0,247.9153845,jardin,12.0,jardin.shp,jardin,247.91538450246284
3830774.0,93.4801621145142,MO93,0.0,113.804355,jardin,12.0,jardin.shp,jardin,113.8043549980288
3828633.0,53.1529093951597,MO93,0.0,179.8364,jardin,12.0,jardin.shp,jardin,179.8364000006941
3840164.0,381.572719356485,MO93,0.0,2920.117067,jardin,12.0,jardin.shp,jardin,2920.1170670026877
3831049.0,436.856563229193,MO93,0.0,1240.99055,jardin,12.0,jardin.shp,jardin,1240.9905499941508
3831388.0,780.104661352585,MO93,0.0,2276.188901,jardin,12.0,jardin.shp,jardin,2276.188901004287
3825934.0,879.560685044507,MO93,0.0,4639.9898815,jardin,12.0,jardin.shp,jardin,4639.989881495178
3846600.0,482.913561388873,MO93,0.0,1872.246276,jardin,12.0,jardin.shp,jardin,1872.2462759964992
3840375.0,151.505544199385,MO93,0.0,468.9997305,jardin,12.0,jardin.shp,jardin,468.99973050163396
3824653.0,144.31550281498,MO93,0.0,942.733305,jardin,12.0,jardin.shp,jardin,942.7333050005407
3846231.0,303.762341239891,MO93,0.0,832.5805775,jardin,12.0,jardin.shp,jardin,832.5805775009951
3842843.0,703.289883225656,MO93,0.0,3182.96727,jardin,12.0,jardin.shp,jardin,3182.96726998292
138040027.0,315.126644527285,MO93,0.0,1070.870851,jardin,12.0,jardin.shp,jardin,1070.870850995208
86963945.0,127.264145132705,MO93,0.0,425.443282,jardin,12.0,jardin.shp,jardin,425.4432820022958
3827279.0,69.4756297088184,MO93,0.0,336.06147,jardin,12.0,jardin.shp,jardin,336.06147000160456
86963941.0,18.0724777289737,MO93,0.0,18.01886,jardin,12.0,jardin.shp,jardin,18.01886000048298
86964551.0,39.7733729092468,MO93,0.0,9.90222,jardin,12.0,jardin.shp,jardin,9.90221999986258
3827351.0,458.2635770878,MO93,0.0,2473.416582,jardin,12.0,jardin.shp,jardin,2473.4165820030494
86964490.0,19.8595172106281,MO93,0.0,18.1259115,jardin,12.0,jardin.shp,jardin,18.125911500209522
3827000.0,569.093923223411,MO93,0.0,2669.417359,jardin,12.0,jardin.shp,jardin,2669.4173590067035
3844243.0,40.1631162419187,MO93,0.0,24.1907055,jardin,12.0,jardin.shp,jardin,24.190705498912294
3827352.0,105.699946489749,MO93,0.0,280.83582,jardin,12.0,jardin.shp,jardin,280.8358200002401
3840760.0,32.6418734005524,MO93,0.0,63.588601,jardin,12.0,jardin.shp,jardin,63.58860100008561
90081046.0,27.63144019852,MO93,0.0,39.0827235,jardin,12.0,jardin.shp,jardin,39.08272350040611
90081043.0,95.0092126739987,MO93,0.0,92.5651875,jardin,12.0,jardin.shp,jardin,92.56518750360019
90081045.0,81.06234847603,MO93,0.0,150.6158795,jardin,12.0,jardin.shp,jardin,150.6158795044187
90081165.0,59.166052405504,MO93,0.0,106.3840865,jardin,12.0,jardin.shp,jardin,106.38408650051637
90082302.0,96.0747537384836,MO93,0.0,299.039793,jardin,12.0,jardin.shp,jardin,299.0397929967505
90082299.0,105.478613034392,MO93,0.0,275.087881,jardin,12.0,jardin.shp,jardin,275.08788100086065
90081218.0,50.2811230461511,MO93,0.0,136.9695565,jardin,12.0,jardin.shp,jardin,136.96955649890012
90081706.0,506.921472327394,MO93,0.0,2815.705087,jardin,12.0,jardin.shp,jardin,2815.7050869798873
90082300.0,21.3307979620604,MO93,0.0,25.638135,jardin,12.0,jardin.shp,jardin,25.638135000896764
90082298.0,41.6352220339668,MO93,0.0,63.9269765,jardin,12.0,jardin.shp,jardin,63.92697649961474
90081700.0,363.352184966114,MO93,0.0,1257.5827635,jardin,12.0,jardin.shp,jardin,1257.5827635041364
90081109.0,17.4624988255905,MO93,0.0,14.791681,jardin,12.0,jardin.shp,jardin,14.791680998882379
90081707.0,422.867498918035,MO93,0.0,1259.831496,jardin,12.0,jardin.shp,jardin,1259.8314960024052
37171113.0,127.659041580945,MO93,0.0,163.7000805,jardin,12.0,jardin.shp,jardin,163.70008050080122
90082318.0,216.100195160309,MO93,0.0,241.871076,jardin,12.0,jardin.shp,jardin,241.87107600750142
90081698.0,76.5709250213023,MO93,0.0,150.605018,jardin,12.0,jardin.shp,jardin,150.605018002391
90081711.0,167.024609424404,MO93,0.0,243.0417265,jardin,12.0,jardin.shp,jardin,243.04172649860024
90082319.0,22.1064384639158,MO93,0.0,29.74414,jardin,12.0,jardin.shp,jardin,29.74413999982168
90081710.0,179.350382587574,MO93,0.0,945.009029,jardin,12.0,jardin.shp,jardin,945.0090290010733
37171106.0,195.736433872469,MO93,0.0,934.8837405,jardin,12.0,jardin.shp,jardin,934.8837404987482
90081217.0,215.041876865869,MO93,0.0,1880.2967315,jardin,12.0,jardin.shp,jardin,1880.296731498409
90081880.0,31.2745138321843,MO93,0.0,54.138851,jardin,12.0,jardin.shp,jardin,54.13885100041751
90081216.0,23.3996778176723,MO93,0.0,19.476974,jardin,12.0,jardin.shp,jardin,19.47697400099753
90081215.0,46.6340125490142,MO93,0.0,42.5477585,jardin,12.0,jardin.shp,jardin,42.54775849817024
90081205.0,29.4685039942163,MO93,0.0,50.96335,jardin,12.0,jardin.shp,jardin,50.96334999780669
90081203.0,28.0723671895547,MO93,0.0,46.6750765,jardin,12.0,jardin.shp,jardin,46.6750765007323
90081212.0,344.410071126655,MO93,0.0,1344.2696875,jardin,12.0,jardin.shp,jardin,1344.2696875041
90081201.0,20.3636309260706,MO93,0.0,25.847885,jardin,12.0,jardin.shp,jardin,25.847885000182092
133546370.0,50.2425071971971,MO93,0.0,98.6586955,jardin,12.0,jardin.shp,jardin,98.65869549879714
90081197.0,36.9278461536786,MO93,0.0,69.812736,jardin,12.0,jardin.shp,jardin,69.81273599748084
90081715.0,765.479773257245,MO93,0.0,3737.1842165,jardin,12.0,jardin.shp,jardin,3737.1842164996856
37171105.0,208.011482078884,MO93,0.0,2476.3454435,jardin,12.0,jardin.shp,jardin,2476.345443501225
90081239.0,50.3166733083419,MO93,0.0,80.562545,jardin,12.0,jardin.shp,jardin,80.562544996984
90081238.0,158.891959291327,MO93,0.0,656.621648,jardin,12.0,jardin.shp,jardin,656.6216480008275
37171104.0,19.6910114580583,MO93,0.0,20.2232895,jardin,12.0,jardin.shp,jardin,20.223289500391413
37171102.0,102.318881188238,MO93,0.0,492.4803125,jardin,12.0,jardin.shp,jardin,492.48031249735743
90081240.0,89.1643122728493,MO93,0.0,343.1230705,jardin,12.0,jardin.shp,jardin,343.1230705034602
90081237.0,134.487650493372,MO93,0.0,1025.634542,jardin,12.0,jardin.shp,jardin,1025.6345420014434
90081235.0,194.693462859898,MO93,0.0,1347.276138,jardin,12.0,jardin.shp,jardin,1347.276137997067
90081684.0,59.8203395219208,MO93,0.0,134.4962245,jardin,12.0,jardin.shp,jardin,134.49622449811338
96489633.0,80.2401146712218,MO93,0.0,411.976911,jardin,12.0,jardin.shp,jardin,411.97691100156044
83901921.0,195.098112845974,MO93,0.0,560.748957,jardin,12.0,jardin.shp,jardin,560.7489569994702
90081208.0,177.488890465043,MO93,0.0,892.0588995,jardin,12.0,jardin.shp,jardin,892.05889950074
96489635.0,10.7546253390159,MO93,0.0,2.574528,jardin,12.0,jardin.shp,jardin,2.574528000217446
83901919.0,140.55992949249,MO93,0.0,495.50448,jardin,12.0,jardin.shp,jardin,495.50448000091603
83901920.0,125.046057624703,MO93,0.0,302.5648,jardin,12.0,jardin.shp,jardin,302.5648000013244
90081868.0,35.7356229051176,MO93,0.0,24.3084835,jardin,12.0,jardin.shp,jardin,24.30848350196608
140420676.0,13.4322272329746,MO93,0.0,9.4597755,jardin,12.0,jardin.shp,jardin,9.459775500887412
94119672.0,64.6370818571594,MO93,0.0,187.4806955,jardin,12.0,jardin.shp,jardin,187.48069550265583
90081878.0,22.2025396880607,MO93,0.0,16.833303,jardin,12.0,jardin.shp,jardin,16.833302998564978
37171226.0,59.0771516852676,MO93,0.0,126.6863,jardin,12.0,jardin.shp,jardin,126.68629999801753
90081234.0,36.2820250362671,MO93,0.0,39.5344075,jardin,12.0,jardin.shp,jardin,39.5344074998607
37171103.0,341.219681990722,MO93,0.0,1265.3254885,jardin,12.0,jardin.shp,jardin,1265.325488517104
90081229.0,214.794973124776,MO93,0.0,910.303756,jardin,12.0,jardin.shp,jardin,910.3037560121466
90081230.0,222.336409220153,MO93,0.0,2254.397873,jardin,12.0,jardin.shp,jardin,2254.3978729984583
90081236.0,32.0850967542204,MO93,0.0,39.1500415,jardin,12.0,jardin.shp,jardin,39.1500415001378
90081241.0,146.036772736703,MO93,0.0,635.778111,jardin,12.0,jardin.shp,jardin,635.7781109893758
90081233.0,36.1774982097635,MO93,0.0,38.884664,jardin,12.0,jardin.shp,jardin,38.884663999523504
37171225.0,59.2324238913104,MO93,0.0,127.56325,jardin,12.0,jardin.shp,jardin,127.56324999717367
37171090.0,17.2374100707586,MO93,0.0,17.8331515,jardin,12.0,jardin.shp,jardin,17.833151499935
90081683.0,36.407132416512,MO93,0.0,55.390598,jardin,12.0,jardin.shp,jardin,55.39059799930721
90081198.0,18.5829360730251,MO93,0.0,21.3421175,jardin,12.0,jardin.shp,jardin,21.342117499883575
90081875.0,42.0286023221366,MO93,0.0,92.1197505,jardin,12.0,jardin.shp,jardin,92.11975049828582
140420670.0,20.6326827560872,MO93,0.0,26.038387,jardin,12.0,jardin.shp,jardin,26.038387000445145
90081177.0,25.4168768890129,MO93,0.0,33.295911,jardin,12.0,jardin.shp,jardin,33.29591100037035
90081178.0,18.144166720686,MO93,0.0,22.1691295,jardin,12.0,jardin.shp,jardin,22.169129499870266
90082355.0,149.36692026142,MO93,0.0,668.6513915,jardin,12.0,jardin.shp,jardin,668.6513915023644
90081187.0,89.2051397969927,MO93,0.0,104.0170195,jardin,12.0,jardin.shp,jardin,104.0170195039789
90081224.0,10.5015371510954,MO93,0.0,5.2282665,jardin,12.0,jardin.shp,jardin,5.228266500115538
90081223.0,13.014332885491,MO93,0.0,1.843004,jardin,12.0,jardin.shp,jardin,1.8430040008339148
90081242.0,65.4609189453665,MO93,0.0,215.2709535,jardin,12.0,jardin.shp,jardin,215.27095349975428
90081232.0,36.2970878793548,MO93,0.0,74.0964215,jardin,12.0,jardin.shp,jardin,74.09642150014204
37171093.0,91.2443780716283,MO93,0.0,350.245307,jardin,12.0,jardin.shp,jardin,350.2453069988249
90081243.0,61.5614979603097,MO93,0.0,68.3455715,jardin,12.0,jardin.shp,jardin,68.34557149978316
90081668.0,70.6171383430634,MO93,0.0,64.738817,jardin,12.0,jardin.shp,jardin,64.73881699991674
37171228.0,50.1363132591258,MO93,0.0,53.064967,jardin,12.0,jardin.shp,jardin,53.06496699795948
90081231.0,119.929422920432,MO93,0.0,430.5815925,jardin,12.0,jardin.shp,jardin,430.5815924994324
90081669.0,80.2829656211706,MO93,0.0,83.9635855,jardin,12.0,jardin.shp,jardin,83.96358550025975
90081671.0,63.6482875406849,MO93,0.0,196.5830605,jardin,12.0,jardin.shp,jardin,196.58306049950036
90081670.0,72.4005312946446,MO93,0.0,315.108238,jardin,12.0,jardin.shp,jardin,315.108238001714
90081672.0,62.6250059082017,MO93,0.0,96.9643555,jardin,12.0,jardin.shp,jardin,96.96435549847996
90081673.0,7.82100275248173,MO93,0.0,4.8650685,jardin,12.0,jardin.shp,jardin,4.865068500050165
37171229.0,27.5953730986418,MO93,0.0,45.161354,jardin,12.0,jardin.shp,jardin,45.16135400098858
90081228.0,272.45722519623,MO93,0.0,3810.953699,jardin,12.0,jardin.shp,jardin,3810.953699007761
90081678.0,68.2562838677206,MO93,0.0,184.472266,jardin,12.0,jardin.shp,jardin,184.47226600176916
90081674.0,25.3691702064053,MO93,0.0,26.307189,jardin,12.0,jardin.shp,jardin,26.307188999584532
146490206.0,5.46206950709654,MO93,0.0,1.52108,jardin,12.0,jardin.shp,jardin,1.521080000152653
90081679.0,76.8793244733474,MO93,0.0,329.514718,jardin,12.0,jardin.shp,jardin,329.51471799938304
90081675.0,36.2153642696526,MO93,0.0,39.661525,jardin,12.0,jardin.shp,jardin,39.661525000334976
90081677.0,56.5619700507017,MO93,0.0,205.72047,jardin,12.0,jardin.shp,jardin,205.7204699995422
90081676.0,51.5757009598183,MO93,0.0,163.503405,jardin,12.0,jardin.shp,jardin,163.5034050006295
90081227.0,178.390795481287,MO93,0.0,1415.216778,jardin,12.0,jardin.shp,jardin,1415.2167779991562
90081226.0,131.764850544312,MO93,0.0,1002.288432,jardin,12.0,jardin.shp,jardin,1002.2884319982492
90081225.0,315.82301523547,MO93,0.0,711.6781455,jardin,12.0,jardin.shp,jardin,711.6781454999007
37170573.0,168.884504923472,MO93,0.0,1203.0565145,jardin,12.0,jardin.shp,jardin,1203.0565144979005
90081750.0,299.692671219665,MO93,0.0,284.8495895,jardin,12.0,jardin.shp,jardin,284.84958949105715
90082356.0,154.902091956842,MO93,0.0,722.475685,jardin,12.0,jardin.shp,jardin,722.4756850075134
37170570.0,172.759716019161,MO93,0.0,395.8472305,jardin,12.0,jardin.shp,jardin,395.84723050152496
90081838.0,228.503188550942,MO93,0.0,2017.778491,jardin,12.0,jardin.shp,jardin,2017.7784909956915
90081842.0,47.2568287040781,MO93,0.0,100.1917435,jardin,12.0,jardin.shp,jardin,100.19174350101221
37170576.0,173.791848725409,MO93,0.0,491.915227,jardin,12.0,jardin.shp,jardin,491.915227006245
37171082.0,131.048654606813,MO93,0.0,52.7971415,jardin,12.0,jardin.shp,jardin,52.797141498815876
37171221.0,50.3549602445946,MO93,0.0,101.95524,jardin,12.0,jardin.shp,jardin,101.95524000116693
37170571.0,150.025472769971,MO93,0.0,376.9778,jardin,12.0,jardin.shp,jardin,376.9777999983314
37171084.0,243.045568956377,MO93,0.0,908.5853455,jardin,12.0,jardin.shp,jardin,908.5853455010442
37171083.0,99.4430459304733,MO93,0.0,241.927051,jardin,12.0,jardin.shp,jardin,241.92705099886462
37171180.0,169.462176312543,MO93,0.0,245.91761,jardin,12.0,jardin.shp,jardin,245.91760999559804
37170568.0,625.159431719263,MO93,0.0,3746.466656,jardin,12.0,jardin.shp,jardin,3746.466656005213
37170578.0,535.330447285108,MO93,0.0,4649.0969825,foret,18.0,MOVD_CAD_TPR_CSBOIS_S.shp,foret,4649.096982489463
37171181.0,110.583633786487,MO93,0.0,548.068483,jardin,12.0,jardin.shp,jardin,548.0684830038484
90081185.0,46.8476360319013,MO93,0.0,103.6551655,jardin,12.0,jardin.shp,jardin,103.65516549868673
90081184.0,64.4164913168751,MO93,0.0,101.68135,jardin,12.0,jardin.shp,jardin,101.6813500013576
90082352.0,360.610080130525,MO93,0.0,1145.2482975,jardin,12.0,jardin.shp,jardin,1145.2482974803183
90081724.0,69.2437486042238,MO93,0.0,225.109136,jardin,12.0,jardin.shp,jardin,225.10913599994714
90082304.0,202.899284895289,MO93,0.0,624.176076,jardin,12.0,jardin.shp,jardin,624.1760759980135
90082350.0,5.13427851057926,MO93,0.0,0.6279305,jardin,12.0,jardin.shp,jardin,0.62793049966662
90081721.0,30.5776446858507,MO93,0.0,27.404935,jardin,12.0,jardin.shp,jardin,27.40493500002386
90081719.0,29.8224344563925,MO93,0.0,48.6541725,jardin,12.0,jardin.shp,jardin,48.65417250195272
90081718.0,35.946919044315,MO93,0.0,55.179975,jardin,12.0,jardin.shp,jardin,55.17997500198192
90081835.0,44.6464982184748,MO93,0.0,62.382125,jardin,12.0,jardin.shp,jardin,62.38212499963585
90081747.0,45.8222286486747,MO93,0.0,49.76639,jardin,12.0,jardin.shp,jardin,49.76638999973181
90081749.0,18.0140341405825,MO93,0.0,20.29315,jardin,12.0,jardin.shp,jardin,20.293150000753254
90081840.0,26.5418207924879,MO93,0.0,27.5079725,jardin,12.0,jardin.shp,jardin,27.507972501676328
90081841.0,26.7668226164618,MO93,0.0,27.5365385,jardin,12.0,jardin.shp,jardin,27.536538500906573
90081839.0,64.9628240132035,MO93,0.0,146.5041225,jardin,12.0,jardin.shp,jardin,146.50412250018593
37170575.0,35.3651612148977,MO93,0.0,28.9345865,jardin,12.0,jardin.shp,jardin,28.93458649923732
90081748.0,18.0238946510438,MO93,0.0,20.3033,jardin,12.0,jardin.shp,jardin,20.303300000045727
90081843.0,175.864375709695,MO93,0.0,744.1044555,jardin,12.0,jardin.shp,jardin,744.104455501938
90081832.0,27.7709143857326,MO93,0.0,33.6257905,jardin,12.0,jardin.shp,jardin,33.625790500927366
90081845.0,85.0372490536372,MO93,0.0,335.7826705,jardin,12.0,jardin.shp,jardin,335.78267049947607
90081836.0,36.5081238324136,MO93,0.0,46.1939385,jardin,12.0,jardin.shp,jardin,46.19393849954526
90081829.0,27.936657350924,MO93,0.0,34.94666,jardin,12.0,jardin.shp,jardin,34.946660000536035
140220523.0,297.7381202082,MO93,0.0,1208.506846,jardin,12.0,jardin.shp,jardin,1208.5068460043474
90081828.0,27.7558536209956,MO93,0.0,33.2167505,jardin,12.0,jardin.shp,jardin,33.21675049944917
90081740.0,25.4883499495825,MO93,0.0,29.02839,jardin,12.0,jardin.shp,jardin,29.02838999947766
90081739.0,58.1517524703674,MO93,0.0,56.840185,jardin,12.0,jardin.shp,jardin,56.84018499525176
90081741.0,32.4134414128247,MO93,0.0,33.7594035,jardin,12.0,jardin.shp,jardin,33.75940350008489
90081742.0,22.1068596146386,MO93,0.0,19.4363925,jardin,12.0,jardin.shp,jardin,19.43639250025451
90081736.0,29.4417888609833,MO93,0.0,47.889573,jardin,12.0,jardin.shp,jardin,47.88957299938539
90081743.0,33.1096906080133,MO93,0.0,34.6734735,jardin,12.0,jardin.shp,jardin,34.67347350012695
90081844.0,18.3747330327916,MO93,0.0,3.0361025,jardin,12.0,jardin.shp,jardin,3.0361024988552465
90081857.0,197.008454029841,MO93,0.0,353.0034125,jardin,12.0,jardin.shp,jardin,353.00341249604946
37170565.0,48.9945510921649,MO93,0.0,58.738771,jardin,12.0,jardin.shp,jardin,58.73877100033354
90081851.0,192.337361149119,MO93,0.0,136.8238695,jardin,12.0,jardin.shp,jardin,136.82386950201587
90081852.0,34.5718076675655,MO93,0.0,21.190998,jardin,12.0,jardin.shp,jardin,21.19099800079877
90081846.0,326.866075943002,MO93,0.0,2362.9072715,foret,18.0,MOVD_CAD_TPR_CSBOIS_S.shp,foret,2362.907271507205
90081855.0,91.4951538553988,MO93,0.0,27.5342815,jardin,12.0,jardin.shp,jardin,27.53428149765804
90081854.0,20.2648753476677,MO93,0.0,19.7296885,jardin,12.0,jardin.shp,jardin,19.729688499105205
90081849.0,28.9735743820366,MO93,0.0,46.0978175,jardin,12.0,jardin.shp,jardin,46.09781750100828
90081738.0,811.620196752774,MO93,0.0,2967.921614,jardin,12.0,jardin.shp,jardin,2967.9216139919595
149656510.0,27.7950961334664,MO93,0.0,31.256955,jardin,12.0,jardin.shp,jardin,31.256954999403405
37171075.0,19.5145314158308,MO93,0.0,15.100224,jardin,12.0,jardin.shp,jardin,15.100224000648293
90081847.0,19.2376495022452,MO93,0.0,14.0696725,jardin,12.0,jardin.shp,jardin,14.06967250099055
90081850.0,453.948450725468,MO93,0.0,5436.5060415,jardin,12.0,jardin.shp,jardin,5436.506041500676
90081848.0,49.3457231593755,MO93,0.0,64.29975,jardin,12.0,jardin.shp,jardin,64.29975000185986
90081826.0,147.467298992999,MO93,0.0,609.574731,jardin,12.0,jardin.shp,jardin,609.5747309994828
90081825.0,84.625235390067,MO93,0.0,178.064015,jardin,12.0,jardin.shp,jardin,178.0640150037201
90081787.0,36.5881485507004,MO93,0.0,53.7146445,jardin,12.0,jardin.shp,jardin,53.71464450124237
37170620.0,37.3562514462373,MO93,0.0,53.45835,jardin,12.0,jardin.shp,jardin,53.4583499990365
90081789.0,37.530655056944,MO93,0.0,54.557642,jardin,12.0,jardin.shp,jardin,54.55764199765002
90081744.0,21.6601632557674,MO93,0.0,18.5134525,jardin,12.0,jardin.shp,jardin,18.513452500209457
90082314.0,63.1596302437936,MO93,0.0,234.3627415,jardin,12.0,jardin.shp,jardin,234.36274150091248
144830261.0,31.9185062561784,MO93,0.0,56.6788605,jardin,12.0,jardin.shp,jardin,56.678860500357295
90081779.0,32.0032564433234,MO93,0.0,31.5009205,jardin,12.0,jardin.shp,jardin,31.500920500367428
90081753.0,98.9832175038587,MO93,0.0,271.831029,jardin,12.0,jardin.shp,jardin,271.8310290029995
90081752.0,158.080353288146,MO93,0.0,406.7872275,jardin,12.0,jardin.shp,jardin,406.7872275045893
90081780.0,110.811088706069,MO93,0.0,249.2816615,jardin,12.0,jardin.shp,jardin,249.28166150559937
90081778.0,219.981328771026,MO93,0.0,410.378349,jardin,12.0,jardin.shp,jardin,410.3783489979711
90081777.0,50.6974227270836,MO93,0.0,122.1963055,jardin,12.0,jardin.shp,jardin,122.19630549932374
90081776.0,50.3907543237622,MO93,0.0,121.142197,jardin,12.0,jardin.shp,jardin,121.14219700159106
37170615.0,32.2222334544503,MO93,0.0,71.6182,jardin,12.0,jardin.shp,jardin,71.61820000066837
37159458.0,130.46155201955,MO93,0.0,298.7264495,jardin,12.0,jardin.shp,jardin,298.7264494967446
37170614.0,36.9152596951014,MO93,0.0,76.76955,jardin,12.0,jardin.shp,jardin,76.76955000226576
37170613.0,52.1304231864633,MO93,0.0,155.647885,jardin,12.0,jardin.shp,jardin,155.64788499952715
37171063.0,216.332994983099,MO93,0.0,730.369999,jardin,12.0,jardin.shp,jardin,730.3699990004419
37170612.0,36.8721187973005,MO93,0.0,76.7324,jardin,12.0,jardin.shp,jardin,76.73240000026105
37170610.0,26.1123213711649,MO93,0.0,36.83035,jardin,12.0,jardin.shp,jardin,36.83035000030217
37170599.0,26.4929983286822,MO93,0.0,38.09155,jardin,12.0,jardin.shp,jardin,38.091549999659456
37170609.0,41.9418482745239,MO93,0.0,75.33497,jardin,12.0,jardin.shp,jardin,75.3349700009145
37170621.0,352.196839820919,MO93,0.0,1041.143435,jardin,12.0,jardin.shp,jardin,1041.1434349892374
37170619.0,37.5395681608586,MO93,0.0,54.0237,jardin,12.0,jardin.shp,jardin,54.02369999995567
90081805.0,123.950649560185,MO93,0.0,368.4056425,jardin,12.0,jardin.shp,jardin,368.40564249513227
90081791.0,37.5377280015558,MO93,0.0,54.462479,jardin,12.0,jardin.shp,jardin,54.46247899659366
37170618.0,37.8482262463566,MO93,0.0,54.0971,jardin,12.0,jardin.shp,jardin,54.09710000223676
90081801.0,66.0246806855397,MO93,0.0,269.576689,jardin,12.0,jardin.shp,jardin,269.5766889988213
90081821.0,393.951662402112,MO93,0.0,2328.769349,jardin,12.0,jardin.shp,jardin,2328.769348996052
37170617.0,38.5092191230411,MO93,0.0,55.2514,jardin,12.0,jardin.shp,jardin,55.25139999806545
90081793.0,37.3995340197248,MO93,0.0,53.8812905,jardin,12.0,jardin.shp,jardin,53.881290500022004
90081823.0,204.615355235175,MO93,0.0,645.9744145,jardin,12.0,jardin.shp,jardin,645.9744145201133
90081802.0,66.3037586302226,MO93,0.0,271.2526075,jardin,12.0,jardin.shp,jardin,271.25260749913065
37170600.0,42.4674540933041,MO93,0.0,76.8438,jardin,12.0,jardin.shp,jardin,76.84380000046575
37170595.0,35.6099578699011,MO93,0.0,44.266467,jardin,12.0,jardin.shp,jardin,44.26646699934354
37170611.0,245.31062113603,MO93,0.0,1687.090535,jardin,12.0,jardin.shp,jardin,1687.0905350010332
37170608.0,42.3009380222548,MO93,0.0,76.5744,jardin,12.0,jardin.shp,jardin,76.57439999709433
37170601.0,41.6806371478092,MO93,0.0,73.9308805,jardin,12.0,jardin.shp,jardin,73.93088049952438
37170594.0,66.2128611532273,MO93,0.0,155.59685,jardin,12.0,jardin.shp,jardin,155.59684999842952
37170607.0,43.132838073341,MO93,0.0,79.10065,jardin,12.0,jardin.shp,jardin,79.10064999950644
37170589.0,11.9822814904981,MO93,0.0,8.47546,jardin,12.0,jardin.shp,jardin,8.475460000736835
37170602.0,41.5739976432015,MO93,0.0,73.4456905,jardin,12.0,jardin.shp,jardin,73.44569050035733
37170616.0,38.4709840892649,MO93,0.0,54.642065,jardin,12.0,jardin.shp,jardin,54.64206499533209
3843524.0,315.444535408656,MO93,0.0,2513.8087895,jardin,12.0,jardin.shp,jardin,2513.8087895076683
3843525.0,187.698125562732,MO93,0.0,1200.872891,jardin,12.0,jardin.shp,jardin,1200.872891000059
3843523.0,965.164392351659,MO93,0.0,10300.3931135,jardin,12.0,jardin.shp,jardin,10300.39311347594
3827150.0,165.745265481015,MO93,0.0,613.413471,jardin,12.0,jardin.shp,jardin,613.4134709986923
3843463.0,1452.5815966936,MO93,0.0,18021.010468,jardin,12.0,jardin.shp,jardin,18021.010467974185
3843611.0,112.976322265021,MO93,0.0,523.5038595,jardin,12.0,jardin.shp,jardin,523.5038595018938
3843144.0,41.9301310554472,MO93,0.0,83.1060145,jardin,12.0,jardin.shp,jardin,83.10601449718644
3843839.0,1021.18039413928,MO93,0.0,5807.7811665,jardin,12.0,jardin.shp,jardin,5807.781166485759
3847694.0,294.14530848557,MO93,0.0,614.280989,jardin,12.0,jardin.shp,jardin,614.2809890023584
138534854.0,1172.63096257065,MO93,0.0,4735.1320475,jardin,12.0,jardin.shp,jardin,4735.13204750018
3843465.0,62.5180532639519,MO93,0.0,222.4871,vigne,10.0,vigne.shp,vigne,222.48709999975245
3843501.0,114.129471650375,MO93,0.0,587.3596755,jardin,12.0,jardin.shp,jardin,587.35967549535
26872071.0,42.3292365939498,MO93,0.0,110.338937,jardin,12.0,jardin.shp,jardin,110.33893699878563
26872073.0,51.4586305709426,MO93,0.0,132.5297975,jardin,12.0,jardin.shp,jardin,132.52979750254923
3827449.0,193.056313229654,MO93,0.0,1064.8764495,jardin,12.0,jardin.shp,jardin,1064.8764495011612
133218934.0,170.517572220189,MO93,0.0,198.2848255,jardin,12.0,jardin.shp,jardin,198.28482550876973
133218935.0,172.922296777626,MO93,0.0,74.21503,jardin,12.0,jardin.shp,jardin,74.21502999101877
3849935.0,99.7125874448268,MO93,0.0,142.7081715,jardin,12.0,jardin.shp,jardin,142.7081715004179
74675049.0,289.277095584437,MO93,0.0,2793.0441435,jardin,12.0,jardin.shp,jardin,2793.044143499821
3843612.0,287.571937153297,MO93,0.0,1079.119273,jardin,12.0,jardin.shp,jardin,1079.1192729988059
144963624.0,353.84719550996,MO93,0.0,1805.795273,jardin,12.0,jardin.shp,jardin,1805.7952730077805
133218937.0,84.6746880986584,MO93,0.0,93.29255,jardin,12.0,jardin.shp,jardin,93.29254999653324
133218936.0,71.7450878552829,MO93,0.0,29.974565,jardin,12.0,jardin.shp,jardin,29.974564997228544
74674715.0,88.1913837076137,MO93,0.0,379.0522605,jardin,12.0,jardin.shp,jardin,379.0522604962996
133218938.0,124.029421715248,MO93,0.0,141.233859,jardin,12.0,jardin.shp,jardin,141.23385900577279
133218872.0,129.117799539712,MO93,0.0,53.13174,jardin,12.0,jardin.shp,jardin,53.131740004454514
144963626.0,167.445155415614,MO93,0.0,958.2693225,jardin,12.0,jardin.shp,jardin,958.2693225013696
133218939.0,56.0957073030202,MO93,0.0,21.995675,jardin,12.0,jardin.shp,jardin,21.995675003582676
133218940.0,92.1439620625779,MO93,0.0,105.770556,jardin,12.0,jardin.shp,jardin,105.77055600294504
3842991.0,648.09313446204,MO93,0.0,7921.158982,jardin,12.0,jardin.shp,jardin,7921.158981993564
3825921.0,91.5101141552733,MO93,0.0,106.0603815,jardin,12.0,jardin.shp,jardin,106.06038149580681
3825755.0,208.86375492813,MO93,0.0,1607.503249,jardin,12.0,jardin.shp,jardin,1607.5032490055996
74674869.0,48.9960701491582,MO93,0.0,75.350009,jardin,12.0,jardin.shp,jardin,75.35000899832679
3843574.0,204.098207381843,MO93,0.0,434.035547,jardin,12.0,jardin.shp,jardin,434.0355470001243
3827450.0,45.8918600615059,MO93,0.0,122.300097,jardin,12.0,jardin.shp,jardin,122.30009700111154
3842967.0,108.62572644821,MO93,0.0,667.3636545,jardin,12.0,jardin.shp,jardin,667.3636544966496
3842848.0,278.508299515408,MO93,0.0,1243.94138,jardin,12.0,jardin.shp,jardin,1243.9413800015802
3842847.0,334.110741529689,MO93,0.0,1916.846184,jardin,12.0,jardin.shp,jardin,1916.8461840068596
3827322.0,1161.50466297084,MO93,0.0,9216.6404075,jardin,12.0,jardin.shp,jardin,9216.640407498042
3827410.0,557.029948189684,MO93,0.0,8432.9338255,jardin,12.0,jardin.shp,jardin,8432.9338255115
144963627.0,121.239764147029,MO93,0.0,505.1065045,jardin,12.0,jardin.shp,jardin,505.1065044979721
133218920.0,25.0264570350629,MO93,0.0,32.8509215,jardin,12.0,jardin.shp,jardin,32.85092150078964
133218919.0,173.220989486781,MO93,0.0,229.9428205,jardin,12.0,jardin.shp,jardin,229.94282050014357
133218921.0,57.9151561252781,MO93,0.0,38.8398315,jardin,12.0,jardin.shp,jardin,38.83983149980892
133218915.0,124.317172341813,MO93,0.0,84.559604,jardin,12.0,jardin.shp,jardin,84.55960400014413
133218869.0,190.820598481469,MO93,0.0,295.474639,jardin,12.0,jardin.shp,jardin,295.47463899700267
3846815.0,2594.94834908156,MO93,0.0,19625.138759,jardin,12.0,jardin.shp,jardin,19625.138758967216
133218918.0,59.4777832700109,MO93,0.0,84.871227,jardin,12.0,jardin.shp,jardin,84.87122700014358
133218914.0,177.323374932699,MO93,0.0,132.246309,jardin,12.0,jardin.shp,jardin,132.24630900515933
87754719.0,104.45798684161,MO93,0.0,171.825917,jardin,12.0,jardin.shp,jardin,171.82591699524863
3843142.0,35.274724399305,MO93,0.0,54.072961,jardin,12.0,jardin.shp,jardin,54.07296099992446
3843210.0,565.588681966167,MO93,0.0,2846.226861,jardin,12.0,jardin.shp,jardin,2846.226861005959
146475099.0,52.0188637822832,MO93,0.0,85.1863,jardin,12.0,jardin.shp,jardin,85.18630000133305
3827409.0,320.029317506476,MO93,0.0,4737.19048,jardin,12.0,jardin.shp,jardin,4737.190479998082
3825546.0,261.333220134189,MO93,0.0,1741.9982525,jardin,12.0,jardin.shp,jardin,1741.998252501868
3843572.0,214.414592741175,MO93,0.0,1133.5028935,jardin,12.0,jardin.shp,jardin,1133.5028935014511
3843497.0,180.551437287432,MO93,0.0,650.615762,jardin,12.0,jardin.shp,jardin,650.6157620081428
3843600.0,43.0529772518446,MO93,0.0,94.3947,jardin,12.0,jardin.shp,jardin,94.39470000125907
3843840.0,227.184323275288,MO93,0.0,1330.8995415,jardin,12.0,jardin.shp,jardin,1330.899541498354
25662760.0,15.4591277510225,MO93,0.0,14.18753,jardin,12.0,jardin.shp,jardin,14.187530000336963
3847021.0,569.368358046548,MO93,0.0,5297.789562,jardin,12.0,jardin.shp,jardin,5297.789561983943
3847022.0,234.360266296602,MO93,0.0,698.00431,jardin,12.0,jardin.shp,jardin,698.0043100052975
146696658.0,46.8394113585559,MO93,0.0,107.963,jardin,12.0,jardin.shp,jardin,107.96300000178138
146831162.0,51.0138625706981,MO93,0.0,44.9861725,jardin,12.0,jardin.shp,jardin,44.98617250137635
85177412.0,39.7005872930565,MO93,0.0,93.0784655,jardin,12.0,jardin.shp,jardin,93.07846549880836
146696657.0,60.4769271147782,MO93,0.0,128.5725935,jardin,12.0,jardin.shp,jardin,128.572593499076
3846949.0,41.6203462485909,MO93,0.0,100.397207,jardin,12.0,jardin.shp,jardin,100.39720699835992
85177414.0,724.068131755992,MO93,0.0,4011.128044,jardin,12.0,jardin.shp,jardin,4011.128044007733
85177410.0,41.6189996495045,MO93,0.0,100.3895955,jardin,12.0,jardin.shp,jardin,100.38959549888462
146831158.0,120.399628112582,MO93,0.0,231.6481225,jardin,12.0,jardin.shp,jardin,231.6481224979912
3827323.0,82.8952736471302,MO93,0.0,325.342414,jardin,12.0,jardin.shp,jardin,325.3424139988851
3846947.0,771.930912912799,MO93,0.0,2987.6800985,jardin,12.0,jardin.shp,jardin,2987.68009852418
3827324.0,46.865647812474,MO93,0.0,113.930041,jardin,12.0,jardin.shp,jardin,113.93004100181366
3847020.0,99.8180948625753,MO93,0.0,173.476234,jardin,12.0,jardin.shp,jardin,173.47623399571955
3847708.0,155.913793855379,MO93,0.0,1281.156872,foret,18.0,MOVD_CAD_TPR_CSBOIS_S.shp,foret,1281.156872002691
3846934.0,92.27084570642,MO93,0.0,535.842335,foret,18.0,MOVD_CAD_TPR_CSBOIS_S.shp,foret,535.8423350023511
3847712.0,750.669763908214,MO93,0.0,8797.3208665,jardin,12.0,jardin.shp,jardin,8797.32086650501
3825560.0,13.9149880277719,MO93,0.0,15.4037355,jardin,12.0,jardin.shp,jardin,15.403735500030749
3827325.0,235.317110754916,MO93,0.0,2295.4034185,foret,18.0,MOVD_CAD_TPR_CSBOIS_S.shp,foret,2295.4034184929856
3826017.0,42.2087291269726,MO93,0.0,102.6886845,jardin,12.0,jardin.shp,jardin,102.68868449911021
25662757.0,220.573905308129,MO93,0.0,907.7769585,jardin,12.0,jardin.shp,jardin,907.7769585022979
3825547.0,124.685696010631,MO93,0.0,373.668215,jardin,12.0,jardin.shp,jardin,373.6682150049291
146831151.0,32.1725296242911,MO93,0.0,59.653398,jardin,12.0,jardin.shp,jardin,59.653398000779376
146831152.0,114.799185721651,MO93,0.0,207.083692,jardin,12.0,jardin.shp,jardin,207.08369199464056
3847704.0,72.4413082611268,MO93,0.0,236.542603,jardin,12.0,jardin.shp,jardin,236.5426030004667
146831150.0,66.4820223949266,MO93,0.0,220.442487,jardin,12.0,jardin.shp,jardin,220.44248700016155
146831148.0,175.010078954781,MO93,0.0,589.8442125,jardin,12.0,jardin.shp,jardin,589.8442124972274
146831149.0,24.2155372845816,MO93,0.0,35.3865765,jardin,12.0,jardin.shp,jardin,35.38657649875755
146831147.0,94.6293773506134,MO93,0.0,298.255691,jardin,12.0,jardin.shp,jardin,298.25569099567116
3826018.0,60.038242901946,MO93,0.0,118.92145,jardin,12.0,jardin.shp,jardin,118.92144999634144
146831145.0,70.2435171414298,MO93,0.0,195.9705345,jardin,12.0,jardin.shp,jardin,195.97053449797778
3825548.0,605.997420389794,MO93,0.0,2860.2477975,jardin,12.0,jardin.shp,jardin,2860.2477974985027
146831146.0,33.3644367825729,MO93,0.0,56.772163,jardin,12.0,jardin.shp,jardin,56.772162999232485
146831144.0,77.9596046924481,MO93,0.0,168.1099875,jardin,12.0,jardin.shp,jardin,168.10998750087964
3827309.0,168.040856686786,MO93,0.0,682.919998,jardin,12.0,jardin.shp,jardin,682.9199979925265
3827311.0,139.443491550443,MO93,0.0,386.8645895,jardin,12.0,jardin.shp,jardin,386.864589506448
146831142.0,142.148787737629,MO93,0.0,365.307499,jardin,12.0,jardin.shp,jardin,365.3074990018678
146831141.0,113.989764143558,MO93,0.0,337.6633895,jardin,12.0,jardin.shp,jardin,337.6633894987824
3845583.0,80.8777184004528,MO93,0.0,222.215763,jardin,12.0,jardin.shp,jardin,222.21576299792116
146831143.0,181.176316513385,MO93,0.0,176.770127,jardin,12.0,jardin.shp,jardin,176.7701270001691
3842963.0,205.963955568505,MO93,0.0,2351.0586035,jardin,12.0,jardin.shp,jardin,2351.058603504634
144963635.0,31.7284667668158,MO93,0.0,53.7234535,jardin,12.0,jardin.shp,jardin,53.72345350131154
144963634.0,31.672078848401,MO93,0.0,53.3305595,jardin,12.0,jardin.shp,jardin,53.33055950053638
144963629.0,130.275605214291,MO93,0.0,121.487533,jardin,12.0,jardin.shp,jardin,121.48753299973563
144963633.0,31.7493027261221,MO93,0.0,53.6623235,jardin,12.0,jardin.shp,jardin,53.66232349897671
144963636.0,235.40641122872,MO93,0.0,613.5133225,jardin,12.0,jardin.shp,jardin,613.5133225177299
144963632.0,31.7675762762067,MO93,0.0,53.5369725,jardin,12.0,jardin.shp,jardin,53.536972498937075
144963631.0,40.533440440254,MO93,0.0,102.2325955,jardin,12.0,jardin.shp,jardin,102.23259549947879
144963628.0,52.7770581295156,MO93,0.0,221.638904,jardin,12.0,jardin.shp,jardin,221.63890400039642
144963645.0,1345.70958666912,MO93,0.0,33402.902615,jardin,12.0,jardin.shp,jardin,33402.90261499821
144963365.0,56.8405075185098,MO93,0.0,127.6995,jardin,12.0,jardin.shp,jardin,127.69950000197288
144963364.0,41.2930762056421,MO93,0.0,85.5054515,jardin,12.0,jardin.shp,jardin,85.50545150074407
144963367.0,179.428408856693,MO93,0.0,673.772728,jardin,12.0,jardin.shp,jardin,673.772728004273
144963366.0,55.5315875502176,MO93,0.0,139.5395825,jardin,12.0,jardin.shp,jardin,139.53958250346025
144963646.0,1690.11215840331,MO93,0.0,23107.3836445,jardin,12.0,jardin.shp,jardin,23107.383644532736
144963368.0,362.721792730354,MO93,0.0,6085.236627,jardin,12.0,jardin.shp,jardin,6085.236627012908
144963590.0,456.157669867661,MO93,0.0,8024.7713195,jardin,12.0,jardin.shp,jardin,8024.771319497381
135999474.0,87.0011834220516,MO93,0.0,319.6719105,jardin,12.0,jardin.shp,jardin,319.6719105067729
135999473.0,33.8048661775976,MO93,0.0,62.904662,jardin,12.0,jardin.shp,jardin,62.90466199808277
144963369.0,152.256390634651,MO93,0.0,1460.069121,jardin,12.0,jardin.shp,jardin,1460.069121002203
144963589.0,64.9463389494939,MO93,0.0,165.703401,jardin,12.0,jardin.shp,jardin,165.70340099977923
3836103.0,669.780299523076,MO93,0.0,4530.2828525,jardin,12.0,jardin.shp,jardin,4530.282852490929
144963591.0,54.5342773018541,MO93,0.0,167.0828225,jardin,12.0,jardin.shp,jardin,167.0828225000221
144963592.0,79.5596290277642,MO93,0.0,304.223303,jardin,12.0,jardin.shp,jardin,304.2233030018132
135999471.0,115.930138247675,MO93,0.0,437.791986,jardin,12.0,jardin.shp,jardin,437.79198599851964
144963603.0,647.649104273888,MO93,0.0,3824.766206,jardin,12.0,jardin.shp,jardin,3824.766205999082
144963604.0,118.124658019226,MO93,0.0,512.861235,jardin,12.0,jardin.shp,jardin,512.86123500144
144963599.0,1599.53110033847,MO93,0.0,32431.8493595,jardin,12.0,jardin.shp,jardin,32431.849359496166
144963602.0,26.4036596442137,MO93,0.0,22.754908,jardin,12.0,jardin.shp,jardin,22.75490800002223
144963601.0,458.50082355997,MO93,0.0,2526.779228,jardin,12.0,jardin.shp,jardin,2526.7792280053604
133218917.0,152.043699905815,MO93,0.0,191.948109,jardin,12.0,jardin.shp,jardin,191.94810900389777
139823514.0,77.3792817859616,MO93,0.0,69.187411,jardin,12.0,jardin.shp,jardin,69.18741100406936
139823582.0,134.442992699295,MO93,0.0,763.903356,jardin,12.0,jardin.shp,jardin,763.9033560059967
135194590.0,16.8320189719396,MO93,0.0,15.719015,jardin,12.0,jardin.shp,jardin,15.71901500064008
144963370.0,103.481160639149,MO93,0.0,371.316333,jardin,12.0,jardin.shp,jardin,371.3163329999682
133218913.0,136.473612290262,MO93,0.0,101.4351195,jardin,12.0,jardin.shp,jardin,101.43511950086943
139823513.0,33.7733079554274,MO93,0.0,52.79242,jardin,12.0,jardin.shp,jardin,52.79242000260976
139823512.0,313.426488926678,MO93,0.0,2828.652734,jardin,12.0,jardin.shp,jardin,2828.6527339945023
135194457.0,131.349445253701,MO93,0.0,236.0481185,jardin,12.0,jardin.shp,jardin,236.04811849989468
3830901.0,130.843402499955,MO93,0.0,110.31592,jardin,12.0,jardin.shp,jardin,110.31592000194479
144963701.0,268.20549377463,MO93,0.0,2213.476292,jardin,12.0,jardin.shp,jardin,2213.4762920044554
144963658.0,208.582283776983,MO93,0.0,265.999341,jardin,12.0,jardin.shp,jardin,265.99934099104263
144963657.0,55.2377032329347,MO93,0.0,114.340203,jardin,12.0,jardin.shp,jardin,114.34020300254072
144963697.0,662.643082666316,MO93,0.0,7354.26245,jardin,12.0,jardin.shp,jardin,7354.262450020719
144963695.0,1330.58762488416,MO93,0.0,7718.67497,jardin,12.0,jardin.shp,jardin,7718.674970008673
144963688.0,252.318655988763,MO93,0.0,589.2273635,jardin,12.0,jardin.shp,jardin,589.2273635017716
144963675.0,251.732553578086,MO93,0.0,533.3238495,jardin,12.0,jardin.shp,jardin,533.3238495026872
144963696.0,123.344514091634,MO93,0.0,484.4767175,jardin,12.0,jardin.shp,jardin,484.47671750042014
145000571.0,31.0864303444739,MO93,0.0,33.0214805,jardin,12.0,jardin.shp,jardin,33.02148049956648
81933980.0,94.7227393558643,MO93,0.0,181.0493025,jardin,12.0,jardin.shp,jardin,181.0493025011785
92280382.0,44.7414343922411,MO93,0.0,59.4175405,jardin,12.0,jardin.shp,jardin,59.417540499053665
92280385.0,43.9051638504615,MO93,0.0,14.264657,jardin,12.0,jardin.shp,jardin,14.264657000400017
139825249.0,2193.26298960587,MO93,0.0,17471.101057,jardin,12.0,jardin.shp,jardin,17471.101056995034
85177408.0,39.7056127648516,MO93,0.0,93.1179145,jardin,12.0,jardin.shp,jardin,93.11791450044939
135963236.0,26.9508260629268,MO93,0.0,20.0730985,jardin,12.0,jardin.shp,jardin,20.07309849942553
3834701.0,92.8876875784852,MO93,0.0,263.51695,jardin,12.0,jardin.shp,jardin,263.516949999756
146831180.0,43.3365838910893,MO93,0.0,45.4981375,jardin,12.0,jardin.shp,jardin,45.49813749925823
146831181.0,46.8011435135492,MO93,0.0,60.077559,jardin,12.0,jardin.shp,jardin,60.077558999398015
3824727.0,558.119265949586,MO93,0.0,3326.9201215,jardin,12.0,jardin.shp,jardin,3326.9201214963364
145605980.0,201.934764709117,MO93,0.0,796.169301,jardin,12.0,jardin.shp,jardin,796.1693009945386
144963382.0,13.0635388900067,MO93,0.0,6.389904,jardin,12.0,jardin.shp,jardin,6.389903999649435
135194487.0,147.780638888283,MO93,0.0,162.9321985,jardin,12.0,jardin.shp,jardin,162.93219849499542
135194459.0,47.1795557507979,MO93,0.0,76.1187405,jardin,12.0,jardin.shp,jardin,76.11874050124472
135194461.0,124.517081202099,MO93,0.0,379.8045365,jardin,12.0,jardin.shp,jardin,379.804536498396
135194481.0,104.901786884538,MO93,0.0,50.427094,jardin,12.0,jardin.shp,jardin,50.42709399699987
135192885.0,51.5889169543274,MO93,0.0,52.6412325,jardin,12.0,jardin.shp,jardin,52.64123250350084
81933983.0,61.7361881713713,MO93,0.0,140.52441,jardin,12.0,jardin.shp,jardin,140.524409999519
144963672.0,113.761973022245,MO93,0.0,24.166317,jardin,12.0,jardin.shp,jardin,24.166316997341895
81933982.0,125.588977463435,MO93,0.0,335.5361745,jardin,12.0,jardin.shp,jardin,335.53617450087603
146328481.0,5626.08720533419,MO93,0.0,53235.1814395,jardin,12.0,jardin.shp,jardin,53235.18143948755
145000470.0,697.079575807834,MO93,0.0,1667.7988955,jardin,12.0,jardin.shp,jardin,1667.7988954899831
144963677.0,36.6901335475371,MO93,0.0,34.6904785,jardin,12.0,jardin.shp,jardin,34.690478499228334
145000473.0,543.16524658666,MO93,0.0,7367.459296,jardin,12.0,jardin.shp,jardin,7367.459295999953
144963687.0,41.9036658773312,MO93,0.0,46.2041075,jardin,12.0,jardin.shp,jardin,46.204107498422665
144963936.0,68.4700063212074,MO93,0.0,171.2506945,jardin,12.0,jardin.shp,jardin,171.250694501962
144963679.0,108.364077474358,MO93,0.0,249.208076,jardin,12.0,jardin.shp,jardin,249.20807600376276
144963678.0,16.9305389870216,MO93,0.0,19.2127515,jardin,12.0,jardin.shp,jardin,19.21275149951841
140679530.0,58.2837452463796,MO93,0.0,105.599326,jardin,12.0,jardin.shp,jardin,105.59932600006414
144963681.0,330.093252505988,MO93,0.0,1115.826691,jardin,12.0,jardin.shp,jardin,1115.8266909932743
140679525.0,2547.50963402924,MO93,0.0,17067.931785,jardin,12.0,jardin.shp,jardin,17067.931785039505
3840967.0,3.63852916176789,MO93,0.0,0.1874,jardin,12.0,jardin.shp,jardin,0.187399999773968
145605979.0,38.1844822796929,MO93,0.0,59.8352405,jardin,12.0,jardin.shp,jardin,59.83524049838394
3834644.0,297.946006312804,MO93,0.0,1931.94167,jardin,12.0,jardin.shp,jardin,1931.941670005992
3834333.0,1029.18507196389,MO93,0.0,7279.831615,jardin,12.0,jardin.shp,jardin,7279.831615014843
60663472.0,10.2566827698686,MO93,0.0,6.8117055,jardin,12.0,jardin.shp,jardin,6.811705500300082
60663447.0,14.3049095393986,MO93,0.0,10.993551,jardin,12.0,jardin.shp,jardin,10.993550999261416
60663541.0,48.2746039146584,MO93,0.0,37.561999,jardin,12.0,jardin.shp,jardin,37.56199900144623
3834347.0,148.944684667504,MO93,0.0,470.703735,jardin,12.0,jardin.shp,jardin,470.7037350018569
3839866.0,98.6376482390423,MO93,0.0,111.408105,jardin,12.0,jardin.shp,jardin,111.40810499621902
3824750.0,485.789448159826,MO93,0.0,1128.6092485,jardin,12.0,jardin.shp,jardin,1128.6092484927935
81933986.0,21.6761234512103,MO93,0.0,28.23948,jardin,12.0,jardin.shp,jardin,28.239480002028266
135183059.0,45.4512397690383,MO93,0.0,91.649671,jardin,12.0,jardin.shp,jardin,91.6496709992039
81933985.0,46.8300372786452,MO93,0.0,134.269515,jardin,12.0,jardin.shp,jardin,134.26951500159214
135183057.0,202.634228990462,MO93,0.0,432.3952165,jardin,12.0,jardin.shp,jardin,432.39521649970544
135497619.0,29.2891769610348,MO93,0.0,28.8113005,jardin,12.0,jardin.shp,jardin,28.81130050048978
3824565.0,82.0665714425994,MO93,0.0,121.2603295,jardin,12.0,jardin.shp,jardin,121.26032949911949
135497673.0,18.2155805700377,MO93,0.0,17.388809,jardin,12.0,jardin.shp,jardin,17.38880900012726
135497614.0,61.1666441516031,MO93,0.0,64.0689175,jardin,12.0,jardin.shp,jardin,64.06891749864431
133469051.0,42.5929944774117,MO93,0.0,74.7034435,jardin,12.0,jardin.shp,jardin,74.70344349925587
133469052.0,103.64144035293,MO93,0.0,62.5323505,jardin,12.0,jardin.shp,jardin,62.53235049854324
144963607.0,51.8401681510823,MO93,0.0,76.87753,jardin,12.0,jardin.shp,jardin,76.87752999792903
144963608.0,134.493064900169,MO93,0.0,438.457567,jardin,12.0,jardin.shp,jardin,438.4575669981139
144963609.0,33.9243781468509,MO93,0.0,40.7305,jardin,12.0,jardin.shp,jardin,40.73049999796366
144963611.0,308.248638144625,MO93,0.0,3109.71896,jardin,12.0,jardin.shp,jardin,3109.718960001367
144963612.0,40.8978153751336,MO93,0.0,71.630405,jardin,12.0,jardin.shp,jardin,71.63040499846954
144963613.0,41.1422512511586,MO93,0.0,72.739605,jardin,12.0,jardin.shp,jardin,72.73960500004699
144963610.0,688.001531838298,MO93,0.0,7308.7664365,jardin,12.0,jardin.shp,jardin,7308.766436493399
147627026.0,630.416593286808,MO93,0.0,4005.395051,jardin,12.0,jardin.shp,jardin,4005.3950510041086
144963656.0,111.003005289083,MO93,0.0,247.535244,jardin,12.0,jardin.shp,jardin,247.53524400657653
144963700.0,247.291378184412,MO93,0.0,1772.1505,jardin,12.0,jardin.shp,jardin,1772.1504999926794
144963925.0,815.477786051339,MO93,0.0,3781.5833075,jardin,12.0,jardin.shp,jardin,3781.5833074949896
144963915.0,27.1880457045253,MO93,0.0,32.83672,jardin,12.0,jardin.shp,jardin,32.83671999976071
144963926.0,378.388155799726,MO93,0.0,1772.4958525,jardin,12.0,jardin.shp,jardin,1772.4958525007019
144963923.0,24.599423460589,MO93,0.0,28.722315,jardin,12.0,jardin.shp,jardin,28.72231500078942
144963922.0,36.3486024405619,MO93,0.0,73.437465,jardin,12.0,jardin.shp,jardin,73.43746499780387
144963921.0,36.4201835149103,MO93,0.0,64.76569,jardin,12.0,jardin.shp,jardin,64.7656899998936
144963920.0,25.718899150382,MO93,0.0,41.31131,jardin,12.0,jardin.shp,jardin,41.31130999939452
144963919.0,48.38692614025,MO93,0.0,128.08247,jardin,12.0,jardin.shp,jardin,128.08247000008285
144963911.0,319.00625872788,MO93,0.0,6097.826649,jardin,12.0,jardin.shp,jardin,6097.826649007364
144963918.0,24.8940487383721,MO93,0.0,38.728885,jardin,12.0,jardin.shp,jardin,38.72888499910548
144963653.0,91.5806919564039,MO93,0.0,251.1762105,jardin,12.0,jardin.shp,jardin,251.17621050388968
144963914.0,1746.14891775947,MO93,0.0,21144.5273555,jardin,12.0,jardin.shp,jardin,21144.527355508926
144963903.0,401.962804890649,MO93,0.0,9450.099997,jardin,12.0,jardin.shp,jardin,9450.099997003257
144977666.0,138.016326725724,MO93,0.0,564.426363,jardin,12.0,jardin.shp,jardin,564.4263630012867
144963698.0,632.021286243725,MO93,0.0,6713.5820925,jardin,12.0,jardin.shp,jardin,6713.582092504111
144963652.0,111.831405476398,MO93,0.0,673.191298,jardin,12.0,jardin.shp,jardin,673.1912979965117
144963651.0,61.6992662141876,MO93,0.0,153.135208,jardin,12.0,jardin.shp,jardin,153.13520800088878
144963683.0,188.98025016465,MO93,0.0,953.8033015,jardin,12.0,jardin.shp,jardin,953.8033015004224
144963913.0,594.541118593685,MO93,0.0,20690.576227,jardin,12.0,jardin.shp,jardin,20690.57622701057
144963623.0,177.788124651977,MO93,0.0,1055.4491205,jardin,12.0,jardin.shp,jardin,1055.4491205000452
144963917.0,54.3239006826451,MO93,0.0,110.037255,jardin,12.0,jardin.shp,jardin,110.0372549997943
144963929.0,212.196240335618,MO93,0.0,156.075314,jardin,12.0,jardin.shp,jardin,156.07531402198003
144963916.0,1082.42707550102,MO93,0.0,10374.149025,jardin,12.0,jardin.shp,jardin,10374.149025003024
144963927.0,476.55524740296,MO93,0.0,2539.7604895,jardin,12.0,jardin.shp,jardin,2539.7604894993206
144963928.0,60.9417788632514,MO93,0.0,149.7000405,jardin,12.0,jardin.shp,jardin,149.70004049852247
144963909.0,151.185893668712,MO93,0.0,1035.5029655,jardin,12.0,jardin.shp,jardin,1035.5029654950727
144964057.0,164.238172800686,MO93,0.0,974.9397555,jardin,12.0,jardin.shp,jardin,974.9397554969069
144963946.0,262.387167153517,MO93,0.0,3779.687952,jardin,12.0,jardin.shp,jardin,3779.687952002443
144963972.0,164.066509904157,MO93,0.0,1074.5989285,jardin,12.0,jardin.shp,jardin,1074.598928503756
144963945.0,1115.43455807564,MO93,0.0,10752.591852,jardin,12.0,jardin.shp,jardin,10752.591851996725
144963650.0,37.4105361899831,MO93,0.0,50.328135,jardin,12.0,jardin.shp,jardin,50.32813500054586
144963686.0,560.029620154875,MO93,0.0,12908.731507,jardin,12.0,jardin.shp,jardin,12908.731507021585
144963622.0,231.883417329493,MO93,0.0,850.537425,jardin,12.0,jardin.shp,jardin,850.5374249896354
144963620.0,84.2683112385694,MO93,0.0,401.89697,jardin,12.0,jardin.shp,jardin,401.8969700018391
144963906.0,662.732643491392,MO93,0.0,14166.646776,jardin,12.0,jardin.shp,jardin,14166.646776003889
144963621.0,7.02049840807388,MO93,0.0,2.232071,jardin,12.0,jardin.shp,jardin,2.2320710000242068
144964067.0,30.1237332338343,MO93,0.0,11.493642,jardin,12.0,jardin.shp,jardin,11.493641999640612
144963663.0,52.801787491162,MO93,0.0,93.822433,jardin,12.0,jardin.shp,jardin,93.82243299995321
144963664.0,15.098092935471,MO93,0.0,12.921628,jardin,12.0,jardin.shp,jardin,12.921627999880146
144964074.0,77.9952337948506,MO93,0.0,168.7275525,jardin,12.0,jardin.shp,jardin,168.72755249943438
144964058.0,220.855587578908,MO93,0.0,1113.793557,jardin,12.0,jardin.shp,jardin,1113.7935570027314
144963971.0,47.7918806064824,MO93,0.0,104.45587,jardin,12.0,jardin.shp,jardin,104.45587000068835
144963932.0,1233.69409092907,MO93,0.0,28240.283827,jardin,12.0,jardin.shp,jardin,28240.283827009032
144964056.0,181.731851207551,MO93,0.0,1550.7137955,jardin,12.0,jardin.shp,jardin,1550.7137954929917
144963931.0,675.583137725723,MO93,0.0,14848.442189,jardin,12.0,jardin.shp,jardin,14848.442188989686
144963973.0,104.824793092426,MO93,0.0,658.145929,jardin,12.0,jardin.shp,jardin,658.1459289998825
144963947.0,113.17906289054,MO93,0.0,749.4780805,jardin,12.0,jardin.shp,jardin,749.4780805041372
144963977.0,242.069313142532,MO93,0.0,2364.6189535,jardin,12.0,jardin.shp,jardin,2364.6189535074236
144963974.0,98.5730957249136,MO93,0.0,598.845374,jardin,12.0,jardin.shp,jardin,598.8453739978327
144963948.0,144.339369762618,MO93,0.0,1138.3756675,jardin,12.0,jardin.shp,jardin,1138.3756674910169
144964068.0,238.37475113236,MO93,0.0,33.7076155,jardin,12.0,jardin.shp,jardin,33.707615502505874
3825880.0,212.641384321343,MO93,0.0,1163.012275,jardin,12.0,jardin.shp,jardin,1163.0122749951431
144964076.0,182.582465786082,MO93,0.0,1375.971369,jardin,12.0,jardin.shp,jardin,1375.971369000113
144964078.0,80.9980901079832,MO93,0.0,101.289039,jardin,12.0,jardin.shp,jardin,101.28903900487043
135045331.0,36.5873082178836,MO93,0.0,34.516635,jardin,12.0,jardin.shp,jardin,34.51663500143135
135045200.0,53.174530080185,MO93,0.0,105.3458835,jardin,12.0,jardin.shp,jardin,105.34588349988557
144963905.0,114.224792103787,MO93,0.0,18.4273445,jardin,12.0,jardin.shp,jardin,18.42734449831619
144964075.0,31.051183883953,MO93,0.0,30.974318,jardin,12.0,jardin.shp,jardin,30.974317999778517
138548633.0,341.003888464888,MO93,0.0,1161.367315,jardin,12.0,jardin.shp,jardin,1161.3673150107138
3839831.0,177.53691059715,MO93,0.0,709.813222,jardin,12.0,jardin.shp,jardin,709.8132220023499
144963950.0,18.9454089803306,MO93,0.0,18.727168,jardin,12.0,jardin.shp,jardin,18.7271680003971
144964059.0,835.493210763915,MO93,0.0,8818.7928025,jardin,12.0,jardin.shp,jardin,8818.792802508513
144963976.0,251.310403591049,MO93,0.0,2548.821652,jardin,12.0,jardin.shp,jardin,2548.821651988969
144963975.0,104.19549607413,MO93,0.0,672.024619,jardin,12.0,jardin.shp,jardin,672.0246190033522
144963949.0,172.781236472315,MO93,0.0,1583.29393,jardin,12.0,jardin.shp,jardin,1583.2939300075905
144963965.0,116.749968951016,MO93,0.0,458.209034,jardin,12.0,jardin.shp,jardin,458.20903400197176
144963907.0,408.93391815714,MO93,0.0,537.9069415,jardin,12.0,jardin.shp,jardin,537.9069414957587
144963956.0,340.558996365132,MO93,0.0,2201.8254045,jardin,12.0,jardin.shp,jardin,2201.825404500032
144964060.0,125.085148594881,MO93,0.0,505.1583265,jardin,12.0,jardin.shp,jardin,505.1583264986243
144964025.0,131.206258814094,MO93,0.0,476.3928995,jardin,12.0,jardin.shp,jardin,476.3928994995723
140985017.0,2055.36074708428,MO93,0.0,6246.048962,jardin,12.0,jardin.shp,jardin,6090.59002279202
144963970.0,145.291077651519,MO93,0.0,374.152702,jardin,12.0,jardin.shp,jardin,374.1527019973803
144964061.0,256.552220056061,MO93,0.0,1284.6534945,jardin,12.0,jardin.shp,jardin,1284.6534944961695
146508122.0,21.0696330115971,MO93,0.0,28.0880885,jardin,12.0,jardin.shp,jardin,28.08808849807127
144964062.0,242.358015292821,MO93,0.0,2549.118828,jardin,12.0,jardin.shp,jardin,2549.118827992138
3826218.0,236.045892360422,MO93,0.0,2158.0379125,foret,18.0,MOVD_CAD_TPR_CSBOIS_S.shp,foret,2158.037912503336
140984998.0,513.559086135767,MO93,0.0,13998.7279265,jardin,12.0,jardin.shp,jardin,13998.727926481695
140984999.0,153.261082913754,MO93,0.0,718.272443,jardin,12.0,jardin.shp,jardin,718.272443003744
140985011.0,75.2310057224208,MO93,0.0,380.6296115,jardin,12.0,jardin.shp,jardin,380.62961149846785
140827072.0,598.963577614989,MO93,0.0,9553.210395,jardin,12.0,jardin.shp,jardin,9553.210395012942
140985014.0,106.722697994198,MO93,0.0,203.174449,jardin,12.0,jardin.shp,jardin,203.17444899599505
140985015.0,247.102672723038,MO93,0.0,3052.7026815,jardin,12.0,jardin.shp,jardin,3052.70268149284
144963964.0,88.1806760806038,MO93,0.0,328.829365,jardin,12.0,jardin.shp,jardin,328.8293650002339
144963957.0,124.027563799525,MO93,0.0,262.290029,jardin,12.0,jardin.shp,jardin,262.2900290008397
140985016.0,187.660261834821,MO93,0.0,2096.3944465,jardin,12.0,jardin.shp,jardin,2096.3944465060645
144963963.0,67.0915719229668,MO93,0.0,165.788204,jardin,12.0,jardin.shp,jardin,165.78820400106432
144963958.0,296.522083165492,MO93,0.0,1048.6026015,jardin,12.0,jardin.shp,jardin,1048.6026015048708
140984996.0,82.8415231589041,MO93,0.0,250.5148265,jardin,12.0,jardin.shp,jardin,250.51482650047748
144963967.0,43.5714286622058,MO93,0.0,87.1170395,jardin,12.0,jardin.shp,jardin,87.11703950285428
140985009.0,123.168623532933,MO93,0.0,90.3511775,jardin,12.0,jardin.shp,jardin,90.35117750165077
3827169.0,271.890575548977,MO93,0.0,1580.279883,jardin,12.0,jardin.shp,jardin,1580.2798830015415
146831156.0,93.3190644266286,MO93,0.0,225.312863,jardin,12.0,jardin.shp,jardin,225.3128629985348
3847098.0,81.3450727368251,MO93,0.0,384.939538,jardin,12.0,jardin.shp,jardin,384.9395380014609
3847099.0,68.6593189547846,MO93,0.0,292.3423995,jardin,12.0,jardin.shp,jardin,292.34239949746603
146831171.0,20.9310151609344,MO93,0.0,27.293436,jardin,12.0,jardin.shp,jardin,27.293435999260037
3844048.0,45.7481613663575,MO93,0.0,111.010608,jardin,12.0,jardin.shp,jardin,111.0106080014262
146831201.0,24.1610274300416,MO93,0.0,35.4755415,jardin,12.0,jardin.shp,jardin,35.47554149931895
3849301.0,170.384379049757,MO93,0.0,923.746041,jardin,12.0,jardin.shp,jardin,923.7460409965878
146831198.0,44.3808711744236,MO93,0.0,74.918209,jardin,12.0,jardin.shp,jardin,74.9182089990004
146831204.0,60.5605800084134,MO93,0.0,166.800824,jardin,12.0,jardin.shp,jardin,166.80082400111286
146831221.0,51.5624695962458,MO93,0.0,83.5244055,jardin,12.0,jardin.shp,jardin,83.52440549767272
3843159.0,201.305211251695,MO93,0.0,1759.58204,jardin,12.0,jardin.shp,jardin,1759.582040000003
3843437.0,33.364282373002,MO93,0.0,68.6396545,jardin,12.0,jardin.shp,jardin,68.6396545008424
3847602.0,25.0309000613708,MO93,0.0,35.3822145,jardin,12.0,jardin.shp,jardin,35.38221450143727
146831227.0,386.393135989374,MO93,0.0,3713.002314,jardin,12.0,jardin.shp,jardin,3713.0023140001326
3827366.0,157.235778945368,MO93,0.0,939.9796855,jardin,12.0,jardin.shp,jardin,939.9796854961243
146831222.0,378.531929162592,MO93,0.0,1808.3984535,jardin,12.0,jardin.shp,jardin,1808.3984535071827
3847613.0,756.652613772109,MO93,0.0,13881.927849,jardin,12.0,jardin.shp,jardin,13881.927848996394
3845536.0,15.9964795057498,MO93,0.0,6.826045,foret,18.0,MOVD_CAD_TPR_CSBOIS_S.shp,foret,6.82604499941533
147519169.0,29.1409118055811,MO93,0.0,23.4841655,jardin,12.0,jardin.shp,jardin,23.48416549875494
146831102.0,71.4780092152494,MO93,0.0,248.949084,jardin,12.0,jardin.shp,jardin,248.9490839969692
85177416.0,71.5556124091335,MO93,0.0,314.190328,jardin,12.0,jardin.shp,jardin,314.1903279983338
85177418.0,31.3934552958597,MO93,0.0,59.957203,jardin,12.0,jardin.shp,jardin,59.95720300023652
146831172.0,178.732733395712,MO93,0.0,617.9297395,jardin,12.0,jardin.shp,jardin,617.9297395032289
146831182.0,45.065700519397,MO93,0.0,65.066485,jardin,12.0,jardin.shp,jardin,65.06648499576339
3847001.0,910.316349120668,MO93,0.0,6056.771672,jardin,12.0,jardin.shp,jardin,6056.771672011467
3849296.0,97.6493122242814,MO93,0.0,368.2479385,jardin,12.0,jardin.shp,jardin,368.24793849694936
146831177.0,61.0541536511122,MO93,0.0,72.7440075,jardin,12.0,jardin.shp,jardin,72.74400750073585
146831173.0,34.1047355793984,MO93,0.0,42.0166685,jardin,12.0,jardin.shp,jardin,42.01666849891658
146831112.0,34.8401619530758,MO93,0.0,40.7860115,jardin,12.0,jardin.shp,jardin,40.78601150000305
3831700.0,25.0170983186735,MO93,0.0,15.8780315,jardin,12.0,jardin.shp,jardin,15.87803150054118
3849112.0,450.349125461678,MO93,0.0,6931.183846,jardin,12.0,jardin.shp,jardin,6931.183845987875
3844176.0,37.1636601389698,MO93,0.0,52.139791,jardin,12.0,jardin.shp,jardin,52.13979100004241
146831140.0,47.6596677845955,MO93,0.0,90.4873655,jardin,12.0,jardin.shp,jardin,90.48736549926171
146831139.0,27.6013959195528,MO93,0.0,43.0712065,jardin,12.0,jardin.shp,jardin,43.07120649929608
3840182.0,101.895513014798,MO93,0.0,544.7565885,jardin,12.0,jardin.shp,jardin,544.7565885009561
3840051.0,25.0262694090006,MO93,0.0,41.8372055,jardin,12.0,jardin.shp,jardin,41.83720550018194
3831050.0,102.835754126007,MO93,0.0,458.4695905,jardin,12.0,jardin.shp,jardin,458.46959049991926
133544214.0,42.7501906900149,MO93,0.0,74.9586775,jardin,12.0,jardin.shp,jardin,74.95867749978589
146831137.0,46.1114930388273,MO93,0.0,136.95098,jardin,12.0,jardin.shp,jardin,136.9509799998154
146831205.0,47.5633804125463,MO93,0.0,103.398824,jardin,12.0,jardin.shp,jardin,103.39882400164092
146831190.0,687.620704110677,MO93,0.0,2530.937404,jardin,12.0,jardin.shp,jardin,2530.9374040044927
3841414.0,124.574581593616,MO93,0.0,567.7026,jardin,12.0,jardin.shp,jardin,567.7026000023824
3830268.0,42.4771290133668,MO93,0.0,88.0033185,jardin,12.0,jardin.shp,jardin,88.00331849954352
146831215.0,112.373104971018,MO93,0.0,300.4092675,jardin,12.0,jardin.shp,jardin,300.40926749925154
146831194.0,62.7754946207042,MO93,0.0,88.059353,jardin,12.0,jardin.shp,jardin,88.05935300232005
146831224.0,725.691060731911,MO93,0.0,1863.9899845,jardin,12.0,jardin.shp,jardin,1863.9899844970266
146831216.0,37.209307086072,MO93,0.0,77.89964,jardin,12.0,jardin.shp,jardin,77.89964000025265
3841521.0,285.942821556719,MO93,0.0,985.799003,jardin,12.0,jardin.shp,jardin,985.7990030044537
3848807.0,122.218229215738,MO93,0.0,283.587394,jardin,12.0,jardin.shp,jardin,283.58739400496546
133544215.0,24.1309984414092,MO93,0.0,28.8401685,jardin,12.0,jardin.shp,jardin,28.840168500374915
146831138.0,11.9625645216546,MO93,0.0,7.961574,jardin,12.0,jardin.shp,jardin,7.961573999705048
3839725.0,37.8148992387515,MO93,0.0,113.7785535,jardin,12.0,jardin.shp,jardin,113.77855350037345
3831380.0,340.151497288292,MO93,0.0,2017.544369,jardin,12.0,jardin.shp,jardin,2017.544369001743
3840126.0,54.950889087094,MO93,0.0,148.8745565,jardin,12.0,jardin.shp,jardin,148.87455649981223
146831126.0,65.9183627601934,MO93,0.0,199.5139305,jardin,12.0,jardin.shp,jardin,199.51393050446887
146831128.0,90.7088857203083,MO93,0.0,331.8661175,jardin,12.0,jardin.shp,jardin,331.86611749502555
146831130.0,101.587305397761,MO93,0.0,354.308242,jardin,12.0,jardin.shp,jardin,354.3082419981591
146831134.0,242.629942801983,MO93,0.0,764.864213,jardin,12.0,jardin.shp,jardin,764.8642130003867
3840130.0,95.9158915659949,MO93,0.0,161.5930055,jardin,12.0,jardin.shp,jardin,161.59300549830064
3841500.0,255.325341036918,MO93,0.0,992.9192095,jardin,12.0,jardin.shp,jardin,992.9192094967045
146831111.0,71.0265129627161,MO93,0.0,134.950651,jardin,12.0,jardin.shp,jardin,134.95065099748666
146831193.0,23.4052825498116,MO93,0.0,32.3822695,jardin,12.0,jardin.shp,jardin,32.38226949945819
146831187.0,144.421113069968,MO93,0.0,182.4521965,jardin,12.0,jardin.shp,jardin,182.45219650120185
146831220.0,33.0100759077643,MO93,0.0,51.811556,jardin,12.0,jardin.shp,jardin,51.81155600027037
3839905.0,410.385691287355,MO93,0.0,1378.665474,jardin,12.0,jardin.shp,jardin,1378.6654739886114
3831477.0,605.639370706639,MO93,0.0,1696.4144555,jardin,12.0,jardin.shp,jardin,1696.4144554909483
3834710.0,821.204832266089,MO93,0.0,3646.880408,jardin,12.0,jardin.shp,jardin,3646.880408005959
135058359.0,85.7358559907218,MO93,0.0,192.6020055,jardin,12.0,jardin.shp,jardin,192.6020055022167
135058357.0,33.9814007451078,MO93,0.0,18.5250615,jardin,12.0,jardin.shp,jardin,18.525061500131923
3849191.0,201.638805557805,MO93,0.0,595.0465955,jardin,12.0,jardin.shp,jardin,595.0465954989727
3843895.0,20.0590113681001,MO93,0.0,18.9266,jardin,12.0,jardin.shp,jardin,18.92659999906351
146831123.0,32.5573309557656,MO93,0.0,18.856116,jardin,12.0,jardin.shp,jardin,18.856116001567493
146831210.0,36.2986841268342,MO93,0.0,28.3322355,jardin,12.0,jardin.shp,jardin,28.33223550133821
3840955.0,555.635652959804,MO93,0.0,2363.857679,jardin,12.0,jardin.shp,jardin,2363.8576790047437
3849061.0,459.991084531675,MO93,0.0,1695.314235,jardin,12.0,jardin.shp,jardin,1695.314234999602
3825953.0,59.4637922073668,MO93,0.0,281.3615295,jardin,12.0,jardin.shp,jardin,281.36152950039303
3849244.0,268.062550545687,MO93,0.0,1381.898685,jardin,12.0,jardin.shp,jardin,1381.8986850052486
3840248.0,335.973597158795,MO93,0.0,1498.5854355,jardin,12.0,jardin.shp,jardin,1498.5854354945302
3830505.0,254.63161493098,MO93,0.0,609.63959,jardin,12.0,jardin.shp,jardin,609.6395900005745
3844264.0,98.5531560172609,MO93,0.0,190.035779,jardin,12.0,jardin.shp,jardin,190.0357790016987
3840873.0,240.08632959326,MO93,0.0,382.739884,jardin,12.0,jardin.shp,jardin,382.7398839991272
91997411.0,378.255445250306,MO93,0.0,1324.4443055,jardin,12.0,jardin.shp,jardin,1324.4443054895662
3840245.0,104.219803307817,MO93,0.0,236.434005,jardin,12.0,jardin.shp,jardin,236.4340050021242
3834702.0,349.223583132754,MO93,0.0,1023.0133045,jardin,12.0,jardin.shp,jardin,1023.0133044982867
3834306.0,222.304404611919,MO93,0.0,701.2618795,jardin,12.0,jardin.shp,jardin,701.2618795047845
94826541.0,55.6471858466851,MO93,0.0,8.934935,jardin,12.0,jardin.shp,jardin,8.934934997579148
133469091.0,26.3345566130068,MO93,0.0,12.728948,jardin,12.0,jardin.shp,jardin,12.728947999055123
133469090.0,34.5628927745123,MO93,0.0,17.114385,jardin,12.0,jardin.shp,jardin,17.114384999285345
133469089.0,20.4231899686578,MO93,0.0,13.378819,jardin,12.0,jardin.shp,jardin,13.378819000149047
138564392.0,72.1443097337884,MO93,0.0,29.9873435,jardin,12.0,jardin.shp,jardin,29.98734349903064
135057380.0,45.4747103124576,MO93,0.0,91.233192,jardin,12.0,jardin.shp,jardin,91.23319200075804
3825816.0,923.12847068912,MO93,0.0,4052.7374005,jardin,12.0,jardin.shp,jardin,4052.7374004999447
147519200.0,185.151295449364,MO93,0.0,447.9049975,jardin,12.0,jardin.shp,jardin,447.9049975036328
3835552.0,48.086353025288,MO93,0.0,51.86915,jardin,12.0,jardin.shp,jardin,51.86914999884242
3831120.0,383.259750671787,MO93,0.0,1805.9498055,jardin,12.0,jardin.shp,jardin,1805.9498055079437
3840163.0,316.768981729773,MO93,0.0,1670.292789,jardin,12.0,jardin.shp,jardin,1670.292789005386
3836778.0,95.1851064478143,MO93,0.0,103.7783,jardin,12.0,jardin.shp,jardin,103.77829999918544
3831389.0,84.6800218343407,MO93,0.0,283.630483,jardin,12.0,jardin.shp,jardin,283.6304829984711
3833753.0,289.965880226261,MO93,0.0,1015.054395,jardin,12.0,jardin.shp,jardin,1015.054395000873
144963666.0,185.84581756909,MO93,0.0,171.6241175,jardin,12.0,jardin.shp,jardin,171.62411749837415
135045205.0,801.65450836184,MO93,0.0,4300.034369,jardin,12.0,jardin.shp,jardin,4300.034369006759
3824835.0,2033.23257876379,MO93,0.0,9646.544205,jardin,12.0,jardin.shp,jardin,9646.544205019027
3828469.0,19.7976816580976,MO93,0.0,4.71695,jardin,12.0,jardin.shp,jardin,4.716950000768482
135045326.0,106.872722057137,MO93,0.0,125.361061,jardin,12.0,jardin.shp,jardin,125.36106099982695
135045181.0,129.344129718366,MO93,0.0,116.3815495,jardin,12.0,jardin.shp,jardin,116.38154949915531
37400808.0,4.65992713249639,MO93,0.0,1.330102,jardin,12.0,jardin.shp,jardin,1.3301020001433344
135045191.0,15.8210942621916,MO93,0.0,10.2950955,jardin,12.0,jardin.shp,jardin,10.295095499305807
135045192.0,68.9704750187537,MO93,0.0,51.616857,jardin,12.0,jardin.shp,jardin,51.616857004032084
135045193.0,19.0486583039136,MO93,0.0,12.760898,jardin,12.0,jardin.shp,jardin,12.760897999836757
133469058.0,103.437798383461,MO93,0.0,71.7108,jardin,12.0,jardin.shp,jardin,71.71080000051512
133469054.0,46.912267248702,MO93,0.0,87.3858115,jardin,12.0,jardin.shp,jardin,87.38581150107255
94539150.0,497.353856552246,MO93,0.0,1134.60707,jardin,12.0,jardin.shp,jardin,1134.6070699984286
135045171.0,88.5020875053702,MO93,0.0,112.168305,jardin,12.0,jardin.shp,jardin,112.16830500376915
133469059.0,12.9163127454867,MO93,0.0,10.8843945,jardin,12.0,jardin.shp,jardin,10.88439449896622
135045172.0,104.272843059493,MO93,0.0,110.651601,jardin,12.0,jardin.shp,jardin,110.65160100004182
133469060.0,43.2493776650547,MO93,0.0,46.4607295,jardin,12.0,jardin.shp,jardin,46.460729500234265
94539138.0,63.1746712230526,MO93,0.0,89.5682715,jardin,12.0,jardin.shp,jardin,89.56827150071615
3824544.0,319.162859977067,MO93,0.0,875.4179455,jardin,12.0,jardin.shp,jardin,875.4179454968828
135045173.0,75.4938194864123,MO93,0.0,105.7264615,jardin,12.0,jardin.shp,jardin,105.72646149983312
135045194.0,43.141362388516,MO93,0.0,31.965832,jardin,12.0,jardin.shp,jardin,31.96583199926483
135045195.0,33.9867787007147,MO93,0.0,24.576895,jardin,12.0,jardin.shp,jardin,24.576894999385832
135045196.0,71.4229268950135,MO93,0.0,55.736239,jardin,12.0,jardin.shp,jardin,55.73623899720335
135045197.0,49.3515093761503,MO93,0.0,36.93833,jardin,12.0,jardin.shp,jardin,36.93832999818756
135045330.0,44.2622550521574,MO93,0.0,31.413496,jardin,12.0,jardin.shp,jardin,31.413496000031166
135045203.0,35.7852824806047,MO93,0.0,25.0082025,jardin,12.0,jardin.shp,jardin,25.00820249943844
135045328.0,190.196881914588,MO93,0.0,429.204265,jardin,12.0,jardin.shp,jardin,429.2042649980599
135045186.0,124.943297687108,MO93,0.0,274.6492635,jardin,12.0,jardin.shp,jardin,274.64926350317415
135045175.0,85.215353648627,MO93,0.0,244.1317615,jardin,12.0,jardin.shp,jardin,244.13176149710617
135045189.0,85.3796085514597,MO93,0.0,177.8742165,jardin,12.0,jardin.shp,jardin,177.8742164970799
3847407.0,698.786363154962,MO93,0.0,2078.767942,jardin,12.0,jardin.shp,jardin,2078.767941994496
133469080.0,17.0186855166936,MO93,0.0,17.6607155,jardin,12.0,jardin.shp,jardin,17.660715499974604
133469079.0,64.927213561116,MO93,0.0,74.7448045,jardin,12.0,jardin.shp,jardin,74.74480449982462
135146646.0,7.8411799158668,MO93,0.0,2.7456905,jardin,12.0,jardin.shp,jardin,2.7456904998170475
135146644.0,23.3062055314348,MO93,0.0,22.5901195,jardin,12.0,jardin.shp,jardin,22.590119499838128
3827595.0,190.828843321497,MO93,0.0,534.6114315,jardin,12.0,jardin.shp,jardin,534.6114314968385
3834051.0,321.441034560806,MO93,0.0,994.5711975,jardin,12.0,jardin.shp,jardin,994.5711975010767
3828775.0,10.7457894365356,MO93,0.0,1.2473,jardin,12.0,jardin.shp,jardin,1.2472999998738992
3828466.0,824.35594048816,MO93,0.0,3348.622281,jardin,12.0,jardin.shp,jardin,3348.622280996768
3831550.0,193.830403120926,MO93,0.0,389.7356645,jardin,12.0,jardin.shp,jardin,389.7356645027937
135045188.0,14.5118560646117,MO93,0.0,8.6743195,jardin,12.0,jardin.shp,jardin,8.674319499693329
138548632.0,46.3532766732569,MO93,0.0,40.2017915,jardin,12.0,jardin.shp,jardin,40.20179150155204
3840960.0,2132.90243273226,MO93,0.0,18743.2232395,jardin,12.0,jardin.shp,jardin,18743.223239507854
133239363.0,43.3760650001058,MO93,0.0,20.8116205,jardin,12.0,jardin.shp,jardin,20.811620501630316
133239580.0,61.4272374231582,MO93,0.0,118.15425,jardin,12.0,jardin.shp,jardin,118.15424999931525
133239523.0,110.660017651911,MO93,0.0,157.868613,jardin,12.0,jardin.shp,jardin,157.8686129968073
133239579.0,38.0489640761952,MO93,0.0,65.889958,jardin,12.0,jardin.shp,jardin,65.8899580001101
133239570.0,101.364629375473,MO93,0.0,141.601655,jardin,12.0,jardin.shp,jardin,141.6016550011707
3840528.0,646.67523173066,MO93,0.0,5394.7390535,jardin,12.0,jardin.shp,jardin,5394.73905350233
144964248.0,434.523670176122,MO93,0.0,3621.873471,jardin,12.0,jardin.shp,jardin,3621.8734710002923
3826823.0,139.124828725789,MO93,0.0,134.314434,jardin,12.0,jardin.shp,jardin,134.31443399748113
3827527.0,278.514809074452,MO93,0.0,489.7540385,jardin,12.0,jardin.shp,jardin,489.7540384936914
3830609.0,213.34112625577,MO93,0.0,643.444339,jardin,12.0,jardin.shp,jardin,643.4443390025168
3834337.0,1201.668545487,MO93,0.0,7140.128066,jardin,12.0,jardin.shp,jardin,7140.1280659934055
3828467.0,284.684044754938,MO93,0.0,562.684725,jardin,12.0,jardin.shp,jardin,562.6847249957979
3830354.0,291.834710752495,MO93,0.0,622.816957,jardin,12.0,jardin.shp,jardin,622.8169569990564
3841275.0,48.2813176531386,MO93,0.0,103.0154,jardin,12.0,jardin.shp,jardin,103.01540000299961
3827641.0,327.870325947457,MO93,0.0,1437.603103,jardin,12.0,jardin.shp,jardin,1437.6031029984017
148181917.0,950.512131376209,MO93,0.0,6080.8887585,jardin,12.0,jardin.shp,jardin,6080.888758522297
3841146.0,97.8770411691348,MO93,0.0,216.81963,jardin,12.0,jardin.shp,jardin,216.81962998915756
148181918.0,1901.00533850754,MO93,0.0,10523.9892175,jardin,12.0,jardin.shp,jardin,10523.989217501365
135146311.0,46.0523396470872,MO93,0.0,78.858968,jardin,12.0,jardin.shp,jardin,78.8589680002909
3844160.0,1621.06027878817,MO93,0.0,9994.6420115,jardin,12.0,jardin.shp,jardin,9994.642011487907
135146321.0,62.2982002806375,MO93,0.0,121.772029,jardin,12.0,jardin.shp,jardin,121.772029001045
3841498.0,295.337063857863,MO93,0.0,1005.539953,jardin,12.0,jardin.shp,jardin,1005.5399530006295
,,,,,vigne,,vigne.shp,vigne,876.474587861669
140915445.0,1843.17210954136,MO93,0.0,13927.29347,jardin,12.0,jardin.shp,jardin,13927.293470029628
3827615.0,6.65103217492809,MO93,0.0,1.30835,jardin,12.0,jardin.shp,jardin,1.3083499995231165
3841412.0,1193.42517736926,MO93,0.0,6080.7578205,jardin,12.0,jardin.shp,jardin,6080.757820495127
133170153.0,16.9165908202715,MO93,0.0,4.8029345,jardin,12.0,jardin.shp,jardin,4.80293449985129
144964250.0,406.252496534428,MO93,0.0,5502.842982,jardin,12.0,jardin.shp,jardin,5502.842981997931
133239573.0,166.471821798702,MO93,0.0,240.717209,jardin,12.0,jardin.shp,jardin,240.71720900098862
144964251.0,227.169346661346,MO93,0.0,2441.13127,jardin,12.0,jardin.shp,jardin,2441.1312699953946
3831473.0,2107.24175922142,MO93,0.0,22134.5638295,jardin,12.0,jardin.shp,jardin,22134.563829511797
144963991.0,60.5773242556273,MO93,0.0,185.4437155,jardin,12.0,jardin.shp,jardin,185.44371550017598
144963990.0,166.005691188596,MO93,0.0,805.708395,jardin,12.0,jardin.shp,jardin,805.7083949987929
133239574.0,28.5383896421942,MO93,0.0,46.474708,jardin,12.0,jardin.shp,jardin,46.47470800021779
133239572.0,38.5175798590402,MO93,0.0,21.1061235,jardin,12.0,jardin.shp,jardin,21.106123499618125
25126479.0,90.2884473670924,MO93,0.0,108.7190825,jardin,12.0,jardin.shp,jardin,108.71908249807495
25126458.0,27.1347170581704,MO93,0.0,37.7688555,jardin,12.0,jardin.shp,jardin,37.76885550112715
144964254.0,141.633427762919,MO93,0.0,401.997295,jardin,12.0,jardin.shp,jardin,401.9972950038923
144963992.0,382.478423103794,MO93,0.0,2284.972562,jardin,12.0,jardin.shp,jardin,2284.97256201251
144963979.0,116.811158666949,MO93,0.0,113.2230965,jardin,12.0,jardin.shp,jardin,113.22309650250563
144963989.0,189.079050095267,MO93,0.0,1615.0762755,jardin,12.0,jardin.shp,jardin,1615.0762755009125
144963994.0,269.387532104641,MO93,0.0,2550.401292,jardin,12.0,jardin.shp,jardin,2550.4012920079467
144964253.0,272.170482362006,MO93,0.0,648.413371,jardin,12.0,jardin.shp,jardin,648.4133709988895
3834204.0,509.964925751963,MO93,0.0,2444.2956895,jardin,12.0,jardin.shp,jardin,2444.2956895185775
144963996.0,152.886388423546,MO93,0.0,1391.3701215,jardin,12.0,jardin.shp,jardin,1391.3701214992714
144963981.0,98.11193557971,MO93,0.0,197.7989575,jardin,12.0,jardin.shp,jardin,197.7989575006428
150724129.0,31.9464321526139,MO93,0.0,50.642563,jardin,12.0,jardin.shp,jardin,50.64256299950074
3841119.0,40.8355329196498,MO93,0.0,43.79917,jardin,12.0,jardin.shp,jardin,43.799169996859085
3840966.0,75.0889612463283,MO93,0.0,181.971335,jardin,12.0,jardin.shp,jardin,181.97133500201582
132689000.0,59.5401382577057,MO93,0.0,138.0147705,jardin,12.0,jardin.shp,jardin,138.01477050070392
3830612.0,141.127192489555,MO93,0.0,267.23651,jardin,12.0,jardin.shp,jardin,267.23651000434813
3841145.0,99.3712480331391,MO93,0.0,184.5492,jardin,12.0,jardin.shp,jardin,184.54920000550499
132689002.0,202.694438386604,MO93,0.0,1258.891464,jardin,12.0,jardin.shp,jardin,1258.891464000883
3849749.0,98.2895974186962,MO93,0.0,473.835386,jardin,12.0,jardin.shp,jardin,473.8353860037799
96867812.0,252.598269327377,MO93,0.0,1114.883063,jardin,12.0,jardin.shp,jardin,1114.8830629931788
3843001.0,87.7321139961777,MO93,0.0,167.5803,jardin,12.0,jardin.shp,jardin,167.58029999719844
3843002.0,190.966038776738,MO93,0.0,1097.370715,jardin,12.0,jardin.shp,jardin,1097.3707150029602
144964027.0,120.817168356641,MO93,0.0,611.3657025,jardin,12.0,jardin.shp,jardin,611.3657024990105
144964083.0,217.87327195636,MO93,0.0,618.4170105,jardin,12.0,jardin.shp,jardin,618.4170104997221
144964026.0,52.0522556484339,MO93,0.0,184.5860225,jardin,12.0,jardin.shp,jardin,184.5860225001133
135168398.0,25.3652842845651,MO93,0.0,23.09273,jardin,12.0,jardin.shp,jardin,23.09272999906084
3839840.0,87.1229067774205,MO93,0.0,274.7571785,foret,18.0,MOVD_CAD_TPR_CSBOIS_S.shp,foret,274.7571784967572
135168380.0,114.897063121515,MO93,0.0,506.549436,jardin,12.0,jardin.shp,jardin,506.54943599954856
135168394.0,405.105986575874,MO93,0.0,1045.199553,jardin,12.0,jardin.shp,jardin,1045.1995530057159
135168390.0,53.5315463260121,MO93,0.0,176.166257,jardin,12.0,jardin.shp,jardin,176.1662570004677
3831518.0,179.13640352923,MO93,0.0,1400.013933,foret,18.0,MOVD_CAD_TPR_CSBOIS_S.shp,foret,1400.0139329956778
135168382.0,117.082646193053,MO93,0.0,701.3052985,jardin,12.0,jardin.shp,jardin,701.3052985040988
135168392.0,97.5469288223025,MO93,0.0,449.3835405,jardin,12.0,jardin.shp,jardin,449.3835404943058
144964035.0,57.0208491302259,MO93,0.0,97.355027,jardin,12.0,jardin.shp,jardin,97.35502700165941
135175199.0,28.6154562151696,MO93,0.0,37.423445,jardin,12.0,jardin.shp,jardin,37.4234449997354
135168388.0,52.2268156845596,MO93,0.0,142.6929315,jardin,12.0,jardin.shp,jardin,142.69293149817227
144964034.0,39.9411946438334,MO93,0.0,24.544942,jardin,12.0,jardin.shp,jardin,24.544942001768543
135168384.0,81.5359914613705,MO93,0.0,254.2702285,jardin,12.0,jardin.shp,jardin,254.27022850107676
144964244.0,56.6359655027159,MO93,0.0,71.338835,jardin,12.0,jardin.shp,jardin,71.3388349955709
144964036.0,26.9608896937651,MO93,0.0,18.857745,jardin,12.0,jardin.shp,jardin,18.85774499867658
135168471.0,115.161623494819,MO93,0.0,163.3733585,jardin,12.0,jardin.shp,jardin,163.3733585015427
135168386.0,21.0353587091636,MO93,0.0,26.3614845,jardin,12.0,jardin.shp,jardin,26.36148450049784
144964032.0,31.4274745014476,MO93,0.0,44.218845,jardin,12.0,jardin.shp,jardin,44.21884500016863
144964033.0,46.7820826818052,MO93,0.0,45.3010825,jardin,12.0,jardin.shp,jardin,45.301082501464776
140984997.0,677.39657935128,MO93,0.0,7669.01985,jardin,12.0,jardin.shp,jardin,7669.019849990934
140985004.0,79.4026295512796,MO93,0.0,146.768339,jardin,12.0,jardin.shp,jardin,146.76833900120505
144964038.0,116.904448462026,MO93,0.0,690.635872,jardin,12.0,jardin.shp,jardin,690.635871997235
140985008.0,142.070648540191,MO93,0.0,204.56242,jardin,12.0,jardin.shp,jardin,204.56241999538238
3840085.0,1975.30891642849,MO93,0.0,13526.6243245,jardin,12.0,jardin.shp,jardin,13526.624324486376
144964037.0,117.205877329037,MO93,0.0,682.7160245,jardin,12.0,jardin.shp,jardin,682.7160245061289
140985007.0,18.5858194734103,MO93,0.0,15.197357,jardin,12.0,jardin.shp,jardin,15.197356999494094
140985006.0,20.0533054117099,MO93,0.0,16.71706,jardin,12.0,jardin.shp,jardin,16.7170599990568
140827093.0,895.240783470742,MO93,0.0,22636.647035,jardin,12.0,jardin.shp,jardin,22636.647034984326
140827069.0,58.9272318309113,MO93,0.0,159.1342155,jardin,12.0,jardin.shp,jardin,159.1342155016271
140827070.0,44.8947525619832,MO93,0.0,113.2798515,jardin,12.0,jardin.shp,jardin,113.2798514999427
140985012.0,331.883952921121,MO93,0.0,1180.829269,jardin,12.0,jardin.shp,jardin,1180.829269001948
140827096.0,910.845035970919,MO93,0.0,18996.578051,foret,18.0,MOVD_CAD_TPR_CSBOIS_S.shp,foret,18996.57805102308
140827071.0,35.3443940683552,MO93,0.0,36.3679305,jardin,12.0,jardin.shp,jardin,36.367930498639474
140985001.0,100.497333432095,MO93,0.0,97.5614005,jardin,12.0,jardin.shp,jardin,97.56140050065784
140985000.0,278.733534142675,MO93,0.0,488.446633,jardin,12.0,jardin.shp,jardin,488.4466329974565
3848060.0,106.168673333488,MO93,0.0,807.0182955,foret,18.0,MOVD_CAD_TPR_CSBOIS_S.shp,foret,807.018295501357
3840444.0,262.81843707197,MO93,0.0,1881.6054725,foret,18.0,MOVD_CAD_TPR_CSBOIS_S.shp,foret,1881.6054725088838
135168396.0,196.190528411611,MO93,0.0,513.9194075,jardin,12.0,jardin.shp,jardin,513.9194074934682
144964039.0,116.737209540255,MO93,0.0,676.501921,jardin,12.0,jardin.shp,jardin,676.5019210004601
135168407.0,315.603318664202,MO93,0.0,4084.8412195,jardin,12.0,jardin.shp,jardin,4084.8412194975303
144964040.0,117.054302414601,MO93,0.0,694.7754055,jardin,12.0,jardin.shp,jardin,694.7754055029902
3839927.0,296.792818157092,MO93,0.0,1640.8897405,jardin,12.0,jardin.shp,jardin,1640.8897405007951
135168401.0,151.442717943261,MO93,0.0,1167.31437,jardin,12.0,jardin.shp,jardin,1167.31437000169
3831470.0,82.3378479089929,MO93,0.0,206.1630525,jardin,12.0,jardin.shp,jardin,206.16305250455054
144964045.0,128.407501714836,MO93,0.0,843.1170575,jardin,12.0,jardin.shp,jardin,843.1170575008932
144963993.0,144.885774916921,MO93,0.0,604.8162075,jardin,12.0,jardin.shp,jardin,604.816207506591
140985005.0,19.789545982264,MO93,0.0,16.410736,jardin,12.0,jardin.shp,jardin,16.4107359991975
144964044.0,95.1706149952525,MO93,0.0,510.131088,jardin,12.0,jardin.shp,jardin,510.13108799515555
146832985.0,298.629423337493,MO93,0.0,1918.032383,jardin,12.0,jardin.shp,jardin,1918.0323830000566
140985002.0,303.22696997072,MO93,0.0,1035.1723015,jardin,12.0,jardin.shp,jardin,1035.1723015054288
144964043.0,96.0367836847264,MO93,0.0,513.967137,jardin,12.0,jardin.shp,jardin,513.967136997568
144964048.0,558.98259837295,MO93,0.0,5509.792912,jardin,12.0,jardin.shp,jardin,5509.792912001174
138624766.0,45.1499530767356,MO93,0.0,104.7568245,jardin,12.0,jardin.shp,jardin,104.7568244970584
144964054.0,96.4329944790144,MO93,0.0,519.7787355,jardin,12.0,jardin.shp,jardin,519.7787355025218
144964041.0,95.2779173344524,MO93,0.0,506.3252455,jardin,12.0,jardin.shp,jardin,506.3252454961242
96491197.0,155.254777264204,MO93,0.0,539.1743905,jardin,12.0,jardin.shp,jardin,539.1743905022455
144964053.0,95.8653220344444,MO93,0.0,509.9699545,jardin,12.0,jardin.shp,jardin,509.9699544976138
146824953.0,60.1965454959911,MO93,0.0,128.958989,jardin,12.0,jardin.shp,jardin,128.95898899777728
144964055.0,89.1217281771109,MO93,0.0,422.5413025,jardin,12.0,jardin.shp,jardin,422.541302505992
144964049.0,95.5680706111647,MO93,0.0,507.025905,jardin,12.0,jardin.shp,jardin,507.02590500244423
3837651.0,459.928947760566,MO93,0.0,2088.172658,jardin,12.0,jardin.shp,jardin,2088.172658016384
144964257.0,108.429231158091,MO93,0.0,436.9175405,jardin,12.0,jardin.shp,jardin,436.91754050087866
144964050.0,95.9635705939058,MO93,0.0,519.2124615,jardin,12.0,jardin.shp,jardin,519.2124615068653
144964255.0,115.712824030242,MO93,0.0,677.347114,jardin,12.0,jardin.shp,jardin,677.3471140025757
144964256.0,56.3882672120667,MO93,0.0,170.09028,jardin,12.0,jardin.shp,jardin,170.09028000062847
144964329.0,20.8541249501704,MO93,0.0,23.297415,jardin,12.0,jardin.shp,jardin,23.29741500021451
144964051.0,115.954115106352,MO93,0.0,675.3528065,jardin,12.0,jardin.shp,jardin,675.3528064962309
144964052.0,91.2924208816034,MO93,0.0,444.848921,jardin,12.0,jardin.shp,jardin,444.8489209935877
133465703.0,13.8683101178074,MO93,0.0,8.4927455,jardin,12.0,jardin.shp,jardin,8.492745499901318
144964330.0,198.630450824389,MO93,0.0,963.8216065,jardin,12.0,jardin.shp,jardin,963.8216065073628
144964331.0,63.2675674194578,MO93,0.0,188.3820655,jardin,12.0,jardin.shp,jardin,188.38206550036827
144964258.0,43.1808411723941,MO93,0.0,101.912609,jardin,12.0,jardin.shp,jardin,101.91260900049976
144964332.0,56.5935245029278,MO93,0.0,190.3838425,jardin,12.0,jardin.shp,jardin,190.3838425019755
144964290.0,6.57419928800524,MO93,0.0,1.472785,jardin,12.0,jardin.shp,jardin,1.4727849998894706
144964363.0,88.8242514204448,MO93,0.0,403.037,jardin,12.0,jardin.shp,jardin,403.03699999647984
144964365.0,80.8216402964826,MO93,0.0,247.375967,jardin,12.0,jardin.shp,jardin,247.37596700131314
144964042.0,96.260480262017,MO93,0.0,520.592464,jardin,12.0,jardin.shp,jardin,520.5924640016713
135175157.0,43.3209684324329,MO93,0.0,46.791234,jardin,12.0,jardin.shp,jardin,46.79123399908159
144964046.0,78.6963070018569,MO93,0.0,362.43181,jardin,12.0,jardin.shp,jardin,362.4318100013145
135174554.0,203.614217034547,MO93,0.0,1549.786033,jardin,12.0,jardin.shp,jardin,1549.7860329969392
135168411.0,73.8981849542609,MO93,0.0,150.7109205,jardin,12.0,jardin.shp,jardin,150.7109205005241
135168403.0,266.305482047101,MO93,0.0,730.1486325,jardin,12.0,jardin.shp,jardin,730.1486325007662
135168473.0,41.8906967050206,MO93,0.0,44.437561,jardin,12.0,jardin.shp,jardin,44.437561000671806
144963995.0,70.7898314477619,MO93,0.0,154.973665,jardin,12.0,jardin.shp,jardin,154.9736649973246
144964047.0,267.250786669711,MO93,0.0,2457.712739,jardin,12.0,jardin.shp,jardin,2457.7127389997795
135168409.0,410.607776095755,MO93,0.0,808.8209735,jardin,12.0,jardin.shp,jardin,808.820973507229
3848061.0,295.065099053363,MO93,0.0,3543.4208525,foret,18.0,MOVD_CAD_TPR_CSBOIS_S.shp,foret,3543.420852502918
140827083.0,40.687871309919,MO93,0.0,59.311202,jardin,12.0,jardin.shp,jardin,59.31120200151966
140827073.0,680.859599190439,MO93,0.0,17506.9279385,jardin,12.0,jardin.shp,jardin,17506.927938494966
140827075.0,62.7058006134975,MO93,0.0,149.42956,jardin,12.0,jardin.shp,jardin,149.429559999673
85940571.0,55.7043882522272,MO93,0.0,86.2205335,jardin,12.0,jardin.shp,jardin,86.22053350254521
140827082.0,521.246884194817,MO93,0.0,1455.1830585,jardin,12.0,jardin.shp,jardin,1455.1830584964653
88558730.0,294.074491270542,MO93,0.0,1195.119804,jardin,12.0,jardin.shp,jardin,1195.1198039937556
140827086.0,192.239173387839,MO93,0.0,1826.8532455,jardin,12.0,jardin.shp,jardin,1826.8532454972383
140827097.0,758.533900675093,MO93,0.0,19209.0147395,foret,18.0,MOVD_CAD_TPR_CSBOIS_S.shp,foret,19209.014739498525
3827948.0,38.5526437756901,MO93,0.0,84.753675,jardin,12.0,jardin.shp,jardin,84.75367499837796
133485787.0,43.8750692806285,MO93,0.0,45.4968885,jardin,12.0,jardin.shp,jardin,45.49688850018872
3833673.0,110.160611581954,MO93,0.0,280.122867,jardin,12.0,jardin.shp,jardin,280.1228669981772
3838890.0,184.355645578077,MO93,0.0,665.9646325,jardin,12.0,jardin.shp,jardin,665.9646324980821
3849002.0,56.8341367042963,MO93,0.0,59.204206,jardin,12.0,jardin.shp,jardin,59.204206000144964
133485815.0,95.0264749642551,MO93,0.0,126.0662385,jardin,12.0,jardin.shp,jardin,126.06623849733558
3843372.0,99.9972168827269,MO93,0.0,162.0891,jardin,12.0,jardin.shp,jardin,162.0890999993848
3831570.0,18.0077424926246,MO93,0.0,12.46665,jardin,12.0,jardin.shp,jardin,12.466650000496674
3844143.0,48.4309530753845,MO93,0.0,125.0280945,jardin,12.0,jardin.shp,jardin,125.02809450220282
3843788.0,436.557915177854,MO93,0.0,1311.717671,jardin,12.0,jardin.shp,jardin,1311.7176709873293
3844064.0,169.924654996296,MO93,0.0,613.51881,jardin,12.0,jardin.shp,jardin,613.5188099939992
135058355.0,65.6079486091566,MO93,0.0,61.724723,jardin,12.0,jardin.shp,jardin,61.72472300010994
139637937.0,26.5411370749666,MO93,0.0,25.8396515,jardin,12.0,jardin.shp,jardin,25.839651499590758
139637935.0,53.6306253989267,MO93,0.0,56.9366515,jardin,12.0,jardin.shp,jardin,56.93665150347961
3834703.0,1037.8295185334,MO93,0.0,4720.6874795,jardin,12.0,jardin.shp,jardin,4720.687479499109
3834331.0,189.304166611078,MO93,0.0,673.933048,jardin,12.0,jardin.shp,jardin,673.9330480085223
3838983.0,61.5492315867943,MO93,0.0,23.9448,jardin,12.0,jardin.shp,jardin,23.94479999592545
146686987.0,1258.08203439837,MO93,0.0,5650.468527,jardin,12.0,jardin.shp,jardin,5650.468526994186
3834332.0,76.6990364380627,MO93,0.0,137.682849,jardin,12.0,jardin.shp,jardin,137.68284899687026
133166841.0,63.5481111658316,MO93,0.0,75.096732,jardin,12.0,jardin.shp,jardin,75.0967320013238
3834810.0,111.114522710259,MO93,0.0,104.93885,jardin,12.0,jardin.shp,jardin,104.93885000895374
3838883.0,39.6304983841153,MO93,0.0,4.852697,jardin,12.0,jardin.shp,jardin,4.852697001801033
3834704.0,57.7825921016306,MO93,0.0,188.9715775,jardin,12.0,jardin.shp,jardin,188.9715775005507
3838888.0,533.353319011257,MO93,0.0,1989.6557465,jardin,12.0,jardin.shp,jardin,1989.6557465062472
3830403.0,12.8926700149748,MO93,0.0,1.563305,jardin,12.0,jardin.shp,jardin,1.5633049990434023
3834750.0,640.151896608213,MO93,0.0,2430.132656,jardin,12.0,jardin.shp,jardin,2430.132655999167
3831362.0,518.972949513869,MO93,0.0,1625.1110495,jardin,12.0,jardin.shp,jardin,1625.1110495085181
3830265.0,37.6083373285732,MO93,0.0,54.9043,jardin,12.0,jardin.shp,jardin,54.904300001222225
3838885.0,73.8889376316497,MO93,0.0,269.1276415,jardin,12.0,jardin.shp,jardin,269.12764149506086
3840279.0,9.09876486386045,MO93,0.0,1.0696,jardin,12.0,jardin.shp,jardin,1.069599998949189
3828919.0,12.4184453151296,MO93,0.0,1.4543,jardin,12.0,jardin.shp,jardin,1.4542999991488648
3838891.0,112.188507027434,MO93,0.0,209.704756,jardin,12.0,jardin.shp,jardin,209.70475600030906
3838884.0,189.092415029965,MO93,0.0,733.461113,jardin,12.0,jardin.shp,jardin,733.4611129988674
138620078.0,358.138881152662,MO93,0.0,1090.125297,jardin,12.0,jardin.shp,jardin,1090.1252969916402
3844321.0,14.4004995367698,MO93,0.0,11.26095,jardin,12.0,jardin.shp,jardin,11.260950000000605
3831471.0,524.56457981287,MO93,0.0,2059.958012,jardin,12.0,jardin.shp,jardin,2059.95801198436
3830349.0,755.438280861651,MO93,0.0,2672.9738845,jardin,12.0,jardin.shp,jardin,2672.9738845038864
3834346.0,557.421979700576,MO93,0.0,2188.3380755,jardin,12.0,jardin.shp,jardin,2188.3380755051703
3838889.0,71.4834611772733,MO93,0.0,80.4481865,jardin,12.0,jardin.shp,jardin,80.44818650425273
133485820.0,40.2843568809313,MO93,0.0,58.7167465,jardin,12.0,jardin.shp,jardin,58.71674650120026
3838982.0,24.7452562110879,MO93,0.0,23.9535335,jardin,12.0,jardin.shp,jardin,23.953533501158713
3843371.0,67.2978199274968,MO93,0.0,174.9912,jardin,12.0,jardin.shp,jardin,174.99120000267516
3834705.0,24.2693410320321,MO93,0.0,2.67275,jardin,12.0,jardin.shp,jardin,2.6727499980877623
3839938.0,39.010633302352,MO93,0.0,55.50765,jardin,12.0,jardin.shp,jardin,55.50765000028201
3849447.0,93.2809019400086,MO93,0.0,136.74245,jardin,12.0,jardin.shp,jardin,136.74244999720597
3834809.0,759.128593027518,MO93,0.0,1909.25167,jardin,12.0,jardin.shp,jardin,1909.2516699869107
3843363.0,222.504658833144,MO93,0.0,632.355017,jardin,12.0,jardin.shp,jardin,632.3550169965858
3843364.0,214.632680164152,MO93,0.0,661.765961,jardin,12.0,jardin.shp,jardin,661.7659609994306
3831377.0,748.265740400549,MO93,0.0,3138.817084,jardin,12.0,jardin.shp,jardin,3138.817083992817
3843361.0,159.570154826602,MO93,0.0,752.444515,jardin,12.0,jardin.shp,jardin,752.444514999021
87426848.0,393.740396024412,NP,2.0,1012.5098325,jardin,12.0,jardin.shp,jardin,1012.5098324979382
133485819.0,45.6197846002221,MO93,0.0,75.6390915,jardin,12.0,jardin.shp,jardin,75.63909149975903
3838894.0,115.262761569337,MO93,0.0,322.6535045,jardin,12.0,jardin.shp,jardin,322.6535045031672
138439465.0,172.603056832896,NP,2.0,285.7787805,jardin,12.0,jardin.shp,jardin,285.77878049868866
3843722.0,345.608873722359,MO93,0.0,1476.340097,jardin,12.0,jardin.shp,jardin,1476.3400969929423
138439467.0,194.550182898578,NP,2.0,697.9358385,jardin,12.0,jardin.shp,jardin,697.9358384960257
87426859.0,79.7198356396299,NP,2.0,232.1773845,jardin,12.0,jardin.shp,jardin,232.17738449828175
87426847.0,71.5360539040342,NP,2.0,201.8143915,jardin,12.0,jardin.shp,jardin,201.81439149813002
87426858.0,140.814962003934,NP,2.0,270.700617,jardin,12.0,jardin.shp,jardin,270.70061699264045
87426846.0,87.8778855399864,NP,2.0,294.5901415,jardin,12.0,jardin.shp,jardin,294.5901414969688
87426860.0,68.8100774158571,NP,2.0,220.395403,jardin,12.0,jardin.shp,jardin,220.3954029963771
87426851.0,76.9984005838701,NP,2.0,245.9790405,jardin,12.0,jardin.shp,jardin,245.97904049608496
87426902.0,1.44891609583947,NP,2.0,0.062642,jardin,12.0,jardin.shp,jardin,0.06264200000347758
138040026.0,127.84720081126,MO93,0.0,252.2295955,jardin,12.0,jardin.shp,jardin,252.22959549505524
87426850.0,47.5869416492502,NP,2.0,87.79782,jardin,12.0,jardin.shp,jardin,87.79782000001306
87426853.0,197.405117681737,NP,2.0,301.438366,jardin,12.0,jardin.shp,jardin,301.4383659980256
87426849.0,71.982745767837,NP,2.0,93.517448,jardin,12.0,jardin.shp,jardin,93.51744800448752
87426852.0,10.7282120566478,NP,2.0,9.155393,jardin,12.0,jardin.shp,jardin,9.155393000092864
87426901.0,6.5448735003151,NP,2.0,0.31298,jardin,12.0,jardin.shp,jardin,0.31297999964303347
87426855.0,190.728661616975,NP,2.0,851.0815275,jardin,12.0,jardin.shp,jardin,851.0815275020885
87426854.0,84.5750269440829,NP,2.0,107.1699445,jardin,12.0,jardin.shp,jardin,107.16994450224806
138439487.0,318.224330173459,NP,2.0,1654.22381,jardin,12.0,jardin.shp,jardin,1654.2238099877554
126731417.0,1129.56123743264,MO93,0.0,5656.3299245,jardin,12.0,jardin.shp,jardin,5656.329924493569
138439466.0,224.007528806446,MO93,0.0,264.4245585,jardin,12.0,jardin.shp,jardin,264.42455849716396
3846548.0,21.5926870092042,MO93,0.0,26.867802,jardin,12.0,jardin.shp,jardin,26.86780199867536
126731422.0,93.814197223131,MO93,0.0,292.8024385,jardin,12.0,jardin.shp,jardin,292.8024385019632
138439464.0,38.3286585432908,NP,2.0,35.335637,jardin,12.0,jardin.shp,jardin,35.33563699882267
3846544.0,22.8718655433141,MO93,0.0,28.7915165,jardin,12.0,jardin.shp,jardin,28.791516498545445
135053888.0,50.1617289741118,MO93,0.0,73.340842,jardin,12.0,jardin.shp,jardin,73.3408419996836
135053884.0,47.6619182775609,MO93,0.0,58.8603925,jardin,12.0,jardin.shp,jardin,58.860392502105064
135053882.0,42.4746179843429,MO93,0.0,92.9605455,jardin,12.0,jardin.shp,jardin,92.96054550119851
87426842.0,38.7347892753588,NP,2.0,59.855294,jardin,12.0,jardin.shp,jardin,59.85529399867162
87426843.0,39.6129376695062,NP,2.0,59.3758925,jardin,12.0,jardin.shp,jardin,59.375892501269085
87426861.0,181.410267670052,NP,2.0,340.255614,jardin,12.0,jardin.shp,jardin,340.2556140007817
87426844.0,40.0169365794698,NP,2.0,61.4883805,jardin,12.0,jardin.shp,jardin,61.48838049940598
87426845.0,84.5965302020559,NP,2.0,351.07395,jardin,12.0,jardin.shp,jardin,351.07394999848816
87426841.0,36.1006625445012,NP,2.0,53.5568585,jardin,12.0,jardin.shp,jardin,53.55685849961311
87426840.0,39.0506900615564,NP,2.0,58.832547,jardin,12.0,jardin.shp,jardin,58.83254700020167
87426862.0,65.5870939854078,NP,2.0,121.873996,jardin,12.0,jardin.shp,jardin,121.87399599926293
87426839.0,37.3477239973558,NP,2.0,56.4150495,jardin,12.0,jardin.shp,jardin,56.41504949867058
87426904.0,100.919114232564,NP,2.0,508.9977805,jardin,12.0,jardin.shp,jardin,508.99778049717406
87426863.0,206.349018527952,NP,2.0,388.0658925,jardin,12.0,jardin.shp,jardin,388.06589249555805
87426857.0,359.910374228043,NP,2.0,1352.4513145,jardin,12.0,jardin.shp,jardin,1352.4513145070755
3843366.0,558.319913719327,NP,2.0,2207.5550705,jardin,12.0,jardin.shp,jardin,2207.5550704934226
87426890.0,725.517611211437,NP,2.0,2372.440753,jardin,12.0,jardin.shp,jardin,2372.440753000324
92133559.0,216.837196086802,NP,2.0,676.4038095,jardin,12.0,jardin.shp,jardin,676.4038094978522
31737802.0,523.927134505482,NP,2.0,2033.02982,jardin,12.0,jardin.shp,jardin,2033.0298199933163
138601504.0,16.3926154492989,NP,2.0,16.123555,jardin,12.0,jardin.shp,jardin,16.12355500051396
133363915.0,12.0401653771013,NP,2.0,5.488173,jardin,12.0,jardin.shp,jardin,5.488172999844373
92133561.0,22.9625891742869,NP,2.0,33.611843,jardin,12.0,jardin.shp,jardin,33.6118430009043
92133556.0,13.3963995571525,NP,2.0,10.38185,jardin,12.0,jardin.shp,jardin,10.381849999740348
135168413.0,217.416428115533,MO93,0.0,626.3244935,jardin,12.0,jardin.shp,jardin,626.3244934982994
135168475.0,94.8813828732987,MO93,0.0,156.769713,jardin,12.0,jardin.shp,jardin,156.76971299780047
144964337.0,7.84965920681886,MO93,0.0,4.9008395,jardin,12.0,jardin.shp,jardin,4.900839500011761
144964346.0,205.107561561992,MO93,0.0,1663.1382535,jardin,12.0,jardin.shp,jardin,1663.1382534969441
144963998.0,108.995254209081,MO93,0.0,207.13677,jardin,12.0,jardin.shp,jardin,207.1367699975956
144964336.0,86.4859113181302,MO93,0.0,358.973988,jardin,12.0,jardin.shp,jardin,358.9739879967716
144964339.0,106.149084740989,MO93,0.0,617.916429,jardin,12.0,jardin.shp,jardin,617.9164289989002
144964338.0,7.62019307817417,MO93,0.0,4.614198,jardin,12.0,jardin.shp,jardin,4.614198000142788
135168415.0,363.372702116152,MO93,0.0,2191.8891255,jardin,12.0,jardin.shp,jardin,2191.88912549089
144964343.0,106.477289052581,MO93,0.0,625.3034675,jardin,12.0,jardin.shp,jardin,625.3034675030682
144964353.0,92.323666017086,MO93,0.0,394.422632,jardin,12.0,jardin.shp,jardin,394.4226319997859
3836367.0,96.7051339993816,MO93,0.0,226.8922785,jardin,12.0,jardin.shp,jardin,226.89227850063568
144964364.0,55.8377511351336,MO93,0.0,164.17215,jardin,12.0,jardin.shp,jardin,164.17214999881773
144964333.0,51.1291526096356,MO93,0.0,163.280467,jardin,12.0,jardin.shp,jardin,163.28046700036106
144964348.0,112.83198316988,MO93,0.0,313.467944,jardin,12.0,jardin.shp,jardin,313.4679439993901
3838605.0,3425.83931944186,MO93,0.0,34345.78094,jardin,12.0,jardin.shp,jardin,34345.78093996408
144964354.0,344.556635265683,MO93,0.0,1984.6707025,jardin,12.0,jardin.shp,jardin,1984.6707025167564
144964361.0,78.5722378337135,MO93,0.0,322.510672,jardin,12.0,jardin.shp,jardin,322.51067200198247
144964359.0,100.697343514289,MO93,0.0,546.893795,jardin,12.0,jardin.shp,jardin,546.893795001236
144964347.0,76.5902857981657,MO93,0.0,343.21699,jardin,12.0,jardin.shp,jardin,343.2169899971818
140985010.0,4142.69838852437,MO93,0.0,76659.0464725,jardin,12.0,jardin.shp,jardin,76659.04647244762
140827101.0,281.340240139017,MO93,0.0,4253.0541615,jardin,12.0,jardin.shp,jardin,4253.054161486542
140827103.0,824.789842880282,MO93,0.0,15583.838289,foret,18.0,MOVD_CAD_TPR_CSBOIS_S.shp,foret,15583.838288995237
3833789.0,301.272972780354,MO93,0.0,1241.65599,foret,18.0,MOVD_CAD_TPR_CSBOIS_S.shp,foret,160.94234063663936
140827085.0,45.8696342843713,MO93,0.0,167.37074,jardin,12.0,jardin.shp,jardin,167.37074000015448
61380782.0,402.801253148351,MO93,0.0,1884.510915,jardin,12.0,jardin.shp,jardin,1884.5109150077476
140827084.0,418.067323288316,MO93,0.0,3354.0588855,jardin,12.0,jardin.shp,jardin,3354.0588855080164
140827088.0,638.313918037248,MO93,0.0,1784.760504,jardin,12.0,jardin.shp,jardin,1722.4993872289615
140827100.0,63.4165594661709,MO93,0.0,151.890289,jardin,12.0,jardin.shp,jardin,151.89028899760612
144964335.0,77.4729984436552,MO93,0.0,325.5303,jardin,12.0,jardin.shp,jardin,325.53029999505173
3831479.0,491.507655454517,MO93,0.0,8648.964153,jardin,12.0,jardin.shp,jardin,8648.964153002964
144964342.0,13.9974052888987,MO93,0.0,15.586824,jardin,12.0,jardin.shp,jardin,15.586824000021112
144964340.0,111.75737420389,MO93,0.0,689.4918405,jardin,12.0,jardin.shp,jardin,689.4918405071854
3834334.0,856.377507642508,MO93,0.0,11187.3302135,foret,18.0,MOVD_CAD_TPR_CSBOIS_S.shp,foret,11187.330213498479
144964341.0,112.345160732374,MO93,0.0,700.8570925,jardin,12.0,jardin.shp,jardin,700.8570925019194
135168477.0,207.503921280517,MO93,0.0,433.878348,jardin,12.0,jardin.shp,jardin,433.8783480045304
3842871.0,541.411621915412,MO93,0.0,5728.047537,foret,18.0,MOVD_CAD_TPR_CSBOIS_S.shp,foret,5728.047536992508
144964352.0,89.8326657016484,MO93,0.0,498.5174325,jardin,12.0,jardin.shp,jardin,498.51743250236404
135168419.0,220.450816829295,MO93,0.0,1061.1964605,jardin,12.0,jardin.shp,jardin,1061.1964605014562
144964362.0,80.044401892567,MO93,0.0,397.6782945,jardin,12.0,jardin.shp,jardin,397.6782945016916
144964366.0,271.533418343781,MO93,0.0,1649.7774375,jardin,12.0,jardin.shp,jardin,1649.7774374999908
96096367.0,233.004248029999,MO93,0.0,402.5555745,jardin,12.0,jardin.shp,jardin,402.5555744988169
144964355.0,95.0820533598468,MO93,0.0,415.615015,jardin,12.0,jardin.shp,jardin,415.61501500453335
144964344.0,112.548119075416,MO93,0.0,811.043907,jardin,12.0,jardin.shp,jardin,811.043906996148
144964356.0,77.515100525758,MO93,0.0,351.717315,jardin,12.0,jardin.shp,jardin,351.7173149968287
144964360.0,81.1733246999068,MO93,0.0,386.542115,jardin,12.0,jardin.shp,jardin,386.5421150036724
144964358.0,180.269623183965,MO93,0.0,1863.9137215,jardin,12.0,jardin.shp,jardin,1863.913721489271
144964345.0,12.5341959418893,MO93,0.0,12.498066,jardin,12.0,jardin.shp,jardin,12.498065999757605
144974119.0,1431.97449098992,MO93,0.0,6665.8957575,jardin,12.0,jardin.shp,jardin,6665.8957575128425
144964357.0,189.568496566839,MO93,0.0,1984.8701045,jardin,12.0,jardin.shp,jardin,1984.870104500024
144964286.0,63.5899134286538,MO93,0.0,321.764233,jardin,12.0,jardin.shp,jardin,321.764233000194
144964369.0,120.803613939762,MO93,0.0,842.5031655,jardin,12.0,jardin.shp,jardin,842.5031655058938
3830742.0,1431.04524875347,MO93,0.0,7515.300501,jardin,12.0,jardin.shp,jardin,7515.300501029823
144964349.0,674.453806605702,MO93,0.0,5383.677718,jardin,12.0,jardin.shp,jardin,5383.677717993415
144964368.0,120.624335730492,MO93,0.0,850.0767995,jardin,12.0,jardin.shp,jardin,850.0767995009855
144964351.0,107.783063646264,MO93,0.0,527.8146945,jardin,12.0,jardin.shp,jardin,527.8146945018236
144964350.0,331.796201693271,MO93,0.0,1478.7043825,jardin,12.0,jardin.shp,jardin,1478.7043825006785
88326828.0,154.934727818332,MO93,0.0,1383.5754075,jardin,12.0,jardin.shp,jardin,1383.5754075043533
144964264.0,203.953337109051,MO93,0.0,1277.2347345,jardin,12.0,jardin.shp,jardin,1277.234734509404
144964263.0,1178.04417224433,MO93,0.0,12049.1089135,jardin,12.0,jardin.shp,jardin,12049.108913519112
144964367.0,15.1315626906792,MO93,0.0,18.215345,jardin,12.0,jardin.shp,jardin,18.215344999866648
3826567.0,685.347872838826,MO93,0.0,4667.0549665,jardin,12.0,jardin.shp,jardin,4667.054966488563
144964370.0,199.619948412301,MO93,0.0,1663.6179495,jardin,12.0,jardin.shp,jardin,1663.6179494921728
144964273.0,96.9753168267146,MO93,0.0,445.9984765,jardin,12.0,jardin.shp,jardin,445.9984765022024
88326829.0,120.195802655064,MO93,0.0,413.088554,jardin,12.0,jardin.shp,jardin,413.08855400092597
135176515.0,2013.78921738843,MO93,0.0,18162.246807,jardin,12.0,jardin.shp,jardin,18162.24680697518
88326830.0,163.880215534484,MO93,0.0,1619.043172,jardin,12.0,jardin.shp,jardin,1619.0431719991645
144964274.0,135.729280779641,MO93,0.0,1019.152095,jardin,12.0,jardin.shp,jardin,1019.1520950008522
144964283.0,322.142050490181,MO93,0.0,1060.496924,jardin,12.0,jardin.shp,jardin,1060.4969240018002
140827098.0,25.0982392993655,MO93,0.0,15.155802,foret,18.0,MOVD_CAD_TPR_CSBOIS_S.shp,foret,15.155802000818454
3848771.0,181.251847933415,MO93,0.0,895.920354,foret,18.0,MOVD_CAD_TPR_CSBOIS_S.shp,foret,895.7411414269469
140827099.0,31.9990285120985,MO93,0.0,42.9062315,jardin,12.0,jardin.shp,jardin,42.90623149783431
30071467.0,168.478817800203,MO93,0.0,420.2203425,jardin,12.0,jardin.shp,jardin,247.68552052561859
144964064.0,324.437476516078,MO93,0.0,5485.3844035,jardin,12.0,jardin.shp,jardin,5485.384403482427
140827091.0,58.2217042898507,MO93,0.0,55.044567,jardin,12.0,jardin.shp,jardin,55.044567000502646
140827087.0,48.128647152005,MO93,0.0,76.917039,jardin,12.0,jardin.shp,jardin,60.59072603348126
3844634.0,306.747198846658,MO93,0.0,3768.9797385,jardin,12.0,jardin.shp,jardin,3768.9797385117445
135168417.0,511.070649745984,MO93,0.0,7279.021315,jardin,12.0,jardin.shp,jardin,7279.021314995283
135168421.0,78.2696201306606,MO93,0.0,197.768658,jardin,12.0,jardin.shp,jardin,197.76865800032934
135168479.0,397.123070684328,MO93,0.0,1039.627266,jardin,12.0,jardin.shp,jardin,1039.6272659957783
135168423.0,128.15628260768,MO93,0.0,811.862283,jardin,12.0,jardin.shp,jardin,811.8622829934994
135168425.0,142.800857117097,MO93,0.0,862.128909,jardin,12.0,jardin.shp,jardin,862.1289090042287
135168481.0,139.34038109911,MO93,0.0,965.891527,jardin,12.0,jardin.shp,jardin,965.8915269974419
135168427.0,98.4252396305292,MO93,0.0,629.2102895,jardin,12.0,jardin.shp,jardin,629.210289501809
135176548.0,50.8842243560261,MO93,0.0,69.3264355,jardin,12.0,jardin.shp,jardin,69.32643549954216
135168485.0,109.501052349637,MO93,0.0,226.974045,jardin,12.0,jardin.shp,jardin,226.97404500347966
135168429.0,81.1096644423028,MO93,0.0,302.249543,jardin,12.0,jardin.shp,jardin,302.2495429992345
144964285.0,92.2206890308207,MO93,0.0,432.937223,jardin,12.0,jardin.shp,jardin,432.9372230015935
144964371.0,66.3192369819544,MO93,0.0,274.8729555,jardin,12.0,jardin.shp,jardin,274.8729554992322
88326825.0,1553.18708587995,MO93,0.0,8563.1976255,jardin,12.0,jardin.shp,jardin,8563.197625513438
144964275.0,135.571149500354,MO93,0.0,1019.15594,jardin,12.0,jardin.shp,jardin,1019.1559399927638
144964284.0,144.180095299846,MO93,0.0,1018.6405995,jardin,12.0,jardin.shp,jardin,1018.6405995049477
144964276.0,128.440894293189,MO93,0.0,927.71381,jardin,12.0,jardin.shp,jardin,927.713810000773
144964279.0,129.389121161045,MO93,0.0,935.097074,jardin,12.0,jardin.shp,jardin,935.0970740034032
144964281.0,69.7952136058252,MO93,0.0,251.1706405,jardin,12.0,jardin.shp,jardin,251.17064050035708
144964280.0,40.6999314077038,MO93,0.0,83.516324,jardin,12.0,jardin.shp,jardin,83.5163240003267
144964282.0,22.4446843827441,MO93,0.0,30.0727575,jardin,12.0,jardin.shp,jardin,30.072757500747276
136979639.0,237.242317065197,MO93,0.0,1401.531043,jardin,12.0,jardin.shp,jardin,1401.5310429931867
3841117.0,506.025641435334,MO93,0.0,4741.2922605,jardin,12.0,jardin.shp,jardin,4741.29226049929
3846653.0,835.340824115977,MO93,0.0,5674.2686595,jardin,12.0,jardin.shp,jardin,5674.2686595031055
3846642.0,181.102456866361,MO93,0.0,620.7819585,jardin,12.0,jardin.shp,jardin,620.7819584987164
135180543.0,38.7894309866006,MO93,0.0,44.8978665,jardin,12.0,jardin.shp,jardin,44.89786649971351
3846557.0,1304.48589989623,MO93,0.0,6163.9985745,jardin,12.0,jardin.shp,jardin,6163.998574482997
135180545.0,32.8207045267923,MO93,0.0,34.6961995,jardin,12.0,jardin.shp,jardin,34.69619949923594
135180541.0,59.5454285801265,MO93,0.0,83.799908,jardin,12.0,jardin.shp,jardin,83.79990800320594
3846638.0,23.1667320640929,MO93,0.0,26.5114025,jardin,12.0,jardin.shp,jardin,26.511402499474453
3846643.0,250.218721950018,MO93,0.0,636.978694,jardin,12.0,jardin.shp,jardin,636.9786940083758
144963982.0,98.5789363405642,MO93,0.0,102.734478,jardin,12.0,jardin.shp,jardin,102.73447799856967
150724127.0,346.170552500654,MO93,0.0,1624.095856,jardin,12.0,jardin.shp,jardin,1624.0958560006795
150724128.0,31.9328137115861,MO93,0.0,50.377164,jardin,12.0,jardin.shp,jardin,50.37716400112595
144963997.0,130.763216417853,MO93,0.0,563.123707,jardin,12.0,jardin.shp,jardin,563.1237069977208
144964014.0,399.481636979165,MO93,0.0,1939.337246,jardin,12.0,jardin.shp,jardin,1939.337246010464
144964018.0,88.0963552805123,MO93,0.0,111.9119125,jardin,12.0,jardin.shp,jardin,111.91191249838316
133239575.0,470.586490103897,MO93,0.0,2809.212893,jardin,12.0,jardin.shp,jardin,2809.212892974737
144964017.0,55.1602869247759,MO93,0.0,144.80096,jardin,12.0,jardin.shp,jardin,144.80095999926698
144963999.0,19.3100075644845,MO93,0.0,16.1746705,jardin,12.0,jardin.shp,jardin,16.174670500624003
144964000.0,168.130416020006,MO93,0.0,899.619841,jardin,12.0,jardin.shp,jardin,899.6198409991695
144964016.0,38.2798858607777,MO93,0.0,70.55415,jardin,12.0,jardin.shp,jardin,70.55415000284943
3843227.0,1794.20912768263,MO93,0.0,9497.3364065,jardin,12.0,jardin.shp,jardin,9497.336406484052
144964012.0,156.411353222391,MO93,0.0,349.5949355,jardin,12.0,jardin.shp,jardin,349.59493549834065
144964015.0,30.0561322420998,MO93,0.0,54.191739,jardin,12.0,jardin.shp,jardin,54.19173900027275
144964009.0,53.9583508689905,MO93,0.0,147.6744165,jardin,12.0,jardin.shp,jardin,147.67441649873683
144964013.0,399.123424429585,MO93,0.0,1584.2048275,jardin,12.0,jardin.shp,jardin,1584.2048275007357
144964011.0,227.68742962731,MO93,0.0,395.71559,jardin,12.0,jardin.shp,jardin,395.71558998657326
144964010.0,127.394729625906,MO93,0.0,315.666921,jardin,12.0,jardin.shp,jardin,315.6669209972513
3827436.0,6247.26668918819,MO93,0.0,41593.409948,jardin,12.0,jardin.shp,jardin,41593.40994802323
3843228.0,93.410502155312,MO93,0.0,400.86208,foret,18.0,MOVD_CAD_TPR_CSBOIS_S.shp,foret,400.86207999708125
3831197.0,186.851675071524,MO93,0.0,443.3945425,jardin,12.0,jardin.shp,jardin,443.39454250005906
3841225.0,111.20939569407,MO93,0.0,449.1104925,jardin,12.0,jardin.shp,jardin,449.11049250656225
3830488.0,78.4267788374916,MO93,0.0,106.0203925,jardin,12.0,jardin.shp,jardin,106.02039249922228
3849241.0,7.56613626457808,MO93,0.0,2.35262,jardin,12.0,jardin.shp,jardin,2.3526200001743804
140933796.0,18.8327823804132,MO93,0.0,0.510916,jardin,12.0,jardin.shp,jardin,0.5109160016039069
3841224.0,52.5986252014734,MO93,0.0,116.77416,jardin,12.0,jardin.shp,jardin,116.77416000068004
3842801.0,88.6824865504676,MO93,0.0,284.0544425,jardin,12.0,jardin.shp,jardin,284.0544425060599
140306462.0,594.301737309495,MO93,0.0,2253.6583175,jardin,12.0,jardin.shp,jardin,2253.658317485922
3840669.0,470.789539582686,MO93,0.0,1526.932555,jardin,12.0,jardin.shp,jardin,1526.9325550092938
149661578.0,114.419705348839,MO93,0.0,258.28586,jardin,12.0,jardin.shp,jardin,258.28586000263897
135180613.0,36.5087396891741,MO93,0.0,51.8572135,jardin,12.0,jardin.shp,jardin,51.857213499245304
135053890.0,50.978182907577,MO93,0.0,77.537178,jardin,12.0,jardin.shp,jardin,77.53717800153994
3843048.0,240.319416847611,MO93,0.0,490.9359755,jardin,12.0,jardin.shp,jardin,490.9359754989265
32157963.0,90.633644701307,NP,2.0,252.080521,jardin,12.0,jardin.shp,jardin,252.0805209993093
149661576.0,11.7865737951107,MO93,0.0,7.1806965,jardin,12.0,jardin.shp,jardin,7.180696499770819
135053904.0,228.166012264335,MO93,0.0,776.044252,jardin,12.0,jardin.shp,jardin,776.0442520001285
32157844.0,44.3227870815353,NP,2.0,70.6952795,jardin,12.0,jardin.shp,jardin,70.6952795008312
83921154.0,88.954944026482,NP,2.0,73.4887175,jardin,12.0,jardin.shp,jardin,73.48871750269498
83921160.0,26.1775012465843,NP,2.0,15.0822175,jardin,12.0,jardin.shp,jardin,15.08221750100321
83921152.0,52.1588880088759,NP,2.0,111.7685925,jardin,12.0,jardin.shp,jardin,111.76859250052894
136078681.0,27.5093642198603,MO93,0.0,21.077316,jardin,12.0,jardin.shp,jardin,21.07731600204726
3843229.0,36.3164548505323,MO93,0.0,24.196622,jardin,12.0,jardin.shp,jardin,24.196622000769928
135168434.0,138.917014582116,MO93,0.0,514.669828,jardin,12.0,jardin.shp,jardin,514.6698279932152
140306461.0,317.73566309521,MO93,0.0,953.9340255,jardin,12.0,jardin.shp,jardin,953.9340255009894
24972488.0,80.826252379829,MO93,0.0,252.307,jardin,12.0,jardin.shp,jardin,252.30699999953342
31951010.0,244.513621685664,MO93,0.0,344.4630485,jardin,12.0,jardin.shp,jardin,344.46304850061074
24973421.0,52.1807405656413,MO93,0.0,108.88975,jardin,12.0,jardin.shp,jardin,108.88975000143608
24973423.0,233.910771822073,MO93,0.0,723.231198,jardin,12.0,jardin.shp,jardin,723.2311980032694
31950906.0,129.69750640504,MO93,0.0,432.5182995,jardin,12.0,jardin.shp,jardin,432.5182995067942
135168505.0,52.8358193744913,MO93,0.0,141.6701675,jardin,12.0,jardin.shp,jardin,141.67016750023382
149661575.0,136.750770088577,MO93,0.0,132.4083815,jardin,12.0,jardin.shp,jardin,132.4083815024415
140380871.0,2.65532029158574,MO93,0.0,0.278055,jardin,12.0,jardin.shp,jardin,0.2780549999283906
140380839.0,261.132699896802,MO93,0.0,469.0736965,jardin,12.0,jardin.shp,jardin,469.07369649479733
149661579.0,272.103038761609,MO93,0.0,1316.879756,jardin,12.0,jardin.shp,jardin,1316.8797559969962
135053866.0,166.527917867896,MO93,0.0,201.1956125,jardin,12.0,jardin.shp,jardin,201.19561250218575
3835161.0,386.648201690839,MO93,0.0,1037.391435,jardin,12.0,jardin.shp,jardin,1037.3914350048835
3836047.0,306.259236045131,MO93,0.0,1619.173242,jardin,12.0,jardin.shp,jardin,1619.173241994867
3836338.0,36.3155597866972,MO93,0.0,53.112635,jardin,12.0,jardin.shp,jardin,53.11263500086102
31951087.0,60.4076777532958,MO93,0.0,72.2094555,jardin,12.0,jardin.shp,jardin,72.2094555020873
135038185.0,158.274563909595,MO93,0.0,289.965793,jardin,12.0,jardin.shp,jardin,289.9657930049471
31949552.0,243.451019376001,MO93,0.0,1899.6766265,jardin,12.0,jardin.shp,jardin,1899.6766264886562
3825933.0,891.559208685837,MO93,0.0,7515.4673355,jardin,12.0,jardin.shp,jardin,7515.467335504936
31950409.0,388.811809252641,MO93,0.0,997.6201055,jardin,12.0,jardin.shp,jardin,997.6201054951789
3849184.0,406.325904902139,MO93,0.0,3851.5208775,foret,18.0,MOVD_CAD_TPR_CSBOIS_S.shp,foret,3851.5208775146652
135168443.0,353.677848558102,MO93,0.0,2403.5475095,jardin,12.0,jardin.shp,jardin,2403.5475094914577
42691681.0,1360.44260033516,MO93,0.0,5956.0909685,jardin,12.0,jardin.shp,jardin,5956.090968491836
3840762.0,240.97084518172,MO93,0.0,1279.400257,jardin,12.0,jardin.shp,jardin,1279.4002569901797
135168441.0,383.631663477633,MO93,0.0,2265.928159,jardin,12.0,jardin.shp,jardin,2265.9281589885254
135038181.0,252.239184993923,MO93,0.0,471.288662,jardin,12.0,jardin.shp,jardin,471.288661994201
3836972.0,90.0336558330957,MO93,0.0,353.467445,foret,18.0,MOVD_CAD_TPR_CSBOIS_S.shp,foret,353.4674450052835
3843369.0,175.679013840335,NP,2.0,1201.450024,jardin,12.0,jardin.shp,jardin,1201.4500239998022
83921161.0,2.2256243363934,NP,2.0,0.26718,jardin,12.0,jardin.shp,jardin,0.2671799998715799
83921153.0,66.1440060263056,NP,2.0,112.2315605,jardin,12.0,jardin.shp,jardin,112.231560499653
83921159.0,88.2205697488245,NP,2.0,129.3911505,jardin,12.0,jardin.shp,jardin,129.39115049829823
83921137.0,110.973158088222,NP,2.0,122.7008065,jardin,12.0,jardin.shp,jardin,122.70080650098835
83921125.0,59.1768571963834,NP,2.0,56.616471,jardin,12.0,jardin.shp,jardin,56.61647099792435
136416085.0,72.5467107758703,NP,2.0,132.6093675,jardin,12.0,jardin.shp,jardin,132.6093675007591
136416083.0,44.3519397528359,NP,2.0,118.241428,jardin,12.0,jardin.shp,jardin,118.24142800337002
136416084.0,80.2847004591196,NP,2.0,149.083496,jardin,12.0,jardin.shp,jardin,149.08349600496055
136416080.0,80.2572547583692,NP,2.0,149.1324075,jardin,12.0,jardin.shp,jardin,149.13240749779607
3825637.0,260.739436146711,MO93,0.0,2282.1288195,foret,18.0,MOVD_CAD_TPR_CSBOIS_S.shp,foret,2282.1288195051407
3827053.0,337.440821057209,MO93,0.0,2465.2457145,jardin,12.0,jardin.shp,jardin,2465.2457145015865
135038167.0,254.753983428544,MO93,0.0,303.0426615,jardin,12.0,jardin.shp,jardin,303.0426615032211
132488583.0,213.289287991452,MO93,0.0,399.7843905,jardin,12.0,jardin.shp,jardin,399.7843904967879
132489138.0,189.439376498819,MO93,0.0,910.700973,jardin,12.0,jardin.shp,jardin,910.7009729941522
132488598.0,67.8759825692911,MO93,0.0,228.214557,jardin,12.0,jardin.shp,jardin,228.21455699813964
135036112.0,130.534618875417,MO93,0.0,190.737509,jardin,12.0,jardin.shp,jardin,190.73750899720983
133517868.0,173.798061315211,MO93,0.0,161.260355,jardin,12.0,jardin.shp,jardin,161.26035500723154
132488790.0,28.0826815595517,MO93,0.0,30.186397,jardin,12.0,jardin.shp,jardin,30.186396999832702
3849716.0,107.294108375071,MO93,0.0,703.417045,jardin,12.0,jardin.shp,jardin,703.417044999632
138041301.0,439.890375243299,MO93,0.0,2334.868557,jardin,12.0,jardin.shp,jardin,2334.86855700296
144964066.0,450.116869293244,MO93,0.0,1189.1087265,jardin,12.0,jardin.shp,jardin,977.7180237166206
138041259.0,603.980600370087,MO93,0.0,2671.417518,jardin,12.0,jardin.shp,jardin,2671.417517996011
144964063.0,45.0509098042836,MO93,0.0,123.43568,jardin,12.0,jardin.shp,jardin,123.43567999894164
144963361.0,738.45402570503,MO93,0.0,20016.651581,pre,9.0,champ_pre_paturage.shp,pre,20016.651580982867
61380781.0,331.584840972851,MO93,0.0,8033.3681975,foret,18.0,MOVD_CAD_TPR_CSBOIS_S.shp,foret,8033.368197503462
144963360.0,137.158037616413,MO93,0.0,610.55028,jardin,12.0,jardin.shp,jardin,610.5502800031787
132209163.0,183.67242814449,MO93,0.0,448.212176,jardin,12.0,jardin.shp,jardin,430.456999027619
132209989.0,213.930958563033,MO93,0.0,1582.461921,jardin,12.0,jardin.shp,jardin,43.361819572130955
135168499.0,103.771363516126,MO93,0.0,91.468298,jardin,12.0,jardin.shp,jardin,91.4682979982176
135176544.0,41.74577458353,MO93,0.0,58.523596,jardin,12.0,jardin.shp,jardin,58.52359599902227
135176521.0,48.6472866122287,MO93,0.0,119.3568585,jardin,12.0,jardin.shp,jardin,119.35685850073824
135176517.0,121.267128274285,MO93,0.0,303.054785,jardin,12.0,jardin.shp,jardin,303.0547850098402
135168503.0,39.093503463595,MO93,0.0,41.7552,jardin,12.0,jardin.shp,jardin,41.75520000132402
135176532.0,90.2279699878201,MO93,0.0,406.9581815,jardin,12.0,jardin.shp,jardin,406.9581815004992
135176526.0,75.7082223057324,MO93,0.0,154.8144055,jardin,12.0,jardin.shp,jardin,154.81440550178294
3841405.0,125.473779303183,MO93,0.0,762.3582355,foret,18.0,MOVD_CAD_TPR_CSBOIS_S.shp,foret,762.3582355023061
135176536.0,77.7499614769609,MO93,0.0,307.237298,jardin,12.0,jardin.shp,jardin,307.23729799703335
135176542.0,63.818519741519,MO93,0.0,126.492966,jardin,12.0,jardin.shp,jardin,126.49296599954762
144964297.0,23.7768868429127,MO93,0.0,33.025399,jardin,12.0,jardin.shp,jardin,33.02539899930157
144964278.0,68.196540248825,MO93,0.0,198.9799,jardin,12.0,jardin.shp,jardin,198.97990000037467
144964296.0,52.0595470697012,MO93,0.0,160.5484875,jardin,12.0,jardin.shp,jardin,160.5484875001763
144964277.0,100.314973971957,MO93,0.0,436.4332,jardin,12.0,jardin.shp,jardin,436.43319999589187
144964299.0,39.284252678616,MO93,0.0,69.92589,jardin,12.0,jardin.shp,jardin,69.92588999883704
144964298.0,75.1271163873407,MO93,0.0,313.290006,jardin,12.0,jardin.shp,jardin,313.29000600549057
144964300.0,71.4047539337631,MO93,0.0,225.881254,jardin,12.0,jardin.shp,jardin,225.88125400333453
144964325.0,92.6721571214189,MO93,0.0,458.838719,jardin,12.0,jardin.shp,jardin,458.8387190018965
144963309.0,74.1482715839702,MO93,0.0,260.8862165,jardin,12.0,jardin.shp,jardin,260.88621649854286
144964324.0,75.3436104992356,MO93,0.0,132.499109,jardin,12.0,jardin.shp,jardin,132.49910900065873
144964301.0,82.5868230963863,MO93,0.0,281.306935,jardin,12.0,jardin.shp,jardin,281.3069349971247
144963313.0,111.25219840779,MO93,0.0,490.320985,jardin,12.0,jardin.shp,jardin,490.32098499492247
144963310.0,32.681427394291,MO93,0.0,64.643705,jardin,12.0,jardin.shp,jardin,64.64370499925859
3831034.0,626.723011944194,MO93,0.0,2900.459972,jardin,12.0,jardin.shp,jardin,2900.459972002212
144964327.0,93.9063081046693,MO93,0.0,447.9371505,jardin,12.0,jardin.shp,jardin,447.93715050363903
144963315.0,8.34308688689647,MO93,0.0,2.91415,jardin,12.0,jardin.shp,jardin,2.914149999862211
144963328.0,88.493707729039,MO93,0.0,400.109229,jardin,12.0,jardin.shp,jardin,400.1092290046721
144964313.0,90.4739639442348,MO93,0.0,398.745753,jardin,12.0,jardin.shp,jardin,398.7457530011346
3844700.0,101.413854184297,MO93,0.0,432.819785,jardin,12.0,jardin.shp,jardin,432.8197850061457
144964314.0,28.2209958856997,MO93,0.0,63.368093,jardin,12.0,jardin.shp,jardin,63.36809300003758
144964302.0,19.5399795778952,MO93,0.0,15.964773,jardin,12.0,jardin.shp,jardin,15.964772999002761
144963311.0,111.326717246504,MO93,0.0,676.19997,jardin,12.0,jardin.shp,jardin,676.1999699977581
144964326.0,103.583971119538,MO93,0.0,508.34769,jardin,12.0,jardin.shp,jardin,508.34768999449955
144964315.0,74.4517962062074,MO93,0.0,307.7950355,jardin,12.0,jardin.shp,jardin,307.7950355005887
144963327.0,106.846909516481,MO93,0.0,561.75691,jardin,12.0,jardin.shp,jardin,561.7569100023183
144964323.0,74.8229815436229,MO93,0.0,126.870214,jardin,12.0,jardin.shp,jardin,126.87021399898865
144963314.0,80.7045750611124,MO93,0.0,268.0850625,jardin,12.0,jardin.shp,jardin,268.0850624998225
144964303.0,77.3612273787386,MO93,0.0,282.57619,jardin,12.0,jardin.shp,jardin,282.57619000831585
144963329.0,88.7581076908325,MO93,0.0,405.061986,jardin,12.0,jardin.shp,jardin,405.06198599587105
144964312.0,142.514119786207,MO93,0.0,621.180477,jardin,12.0,jardin.shp,jardin,621.18047700018
88326822.0,175.391425535959,MO93,0.0,498.2416505,jardin,12.0,jardin.shp,jardin,498.24165049923835
145389153.0,46.5118390227216,MO93,0.0,58.3669655,jardin,12.0,jardin.shp,jardin,58.36696550286636
126208144.0,215.356132542136,MO93,0.0,2045.2863955,foret,18.0,MOVD_CAD_TPR_CSBOIS_S.shp,foret,2045.286395496586
144963362.0,360.781358537462,MO93,0.0,4730.740984,pre,9.0,champ_pre_paturage.shp,pre,4730.740984003911
147627030.0,182.18980331992,MO93,0.0,701.3077225,pre,9.0,champ_pre_paturage.shp,pre,701.3077225019653
144963358.0,286.894148412479,MO93,0.0,3091.5452865,pre,9.0,champ_pre_paturage.shp,pre,3091.545286490103
132209159.0,142.125569468884,MO93,0.0,847.88877,jardin,12.0,jardin.shp,jardin,616.8575151110556
132209151.0,49.2860592252213,MO93,0.0,110.655138,jardin,12.0,jardin.shp,jardin,110.65513799883314
132209158.0,13.1201064533768,MO93,0.0,8.7580685,jardin,12.0,jardin.shp,jardin,8.75806850006914
132209156.0,10.3686538089178,MO93,0.0,6.3842165,jardin,12.0,jardin.shp,jardin,6.3842164995786534
144964316.0,60.13660300019,MO93,0.0,216.70495,jardin,12.0,jardin.shp,jardin,216.7049500023813
144963316.0,60.6616207293285,MO93,0.0,166.114535,jardin,12.0,jardin.shp,jardin,166.1145350024506
144963312.0,113.427151090392,MO93,0.0,708.8742825,jardin,12.0,jardin.shp,jardin,708.8742824979367
144964311.0,102.918131600461,MO93,0.0,134.992934,jardin,12.0,jardin.shp,jardin,134.99293399583664
144964295.0,750.616895569762,MO93,0.0,4179.7082415,jardin,12.0,jardin.shp,jardin,2283.680106155644
144964304.0,103.647320372585,MO93,0.0,509.377245,jardin,12.0,jardin.shp,jardin,509.37724500018794
144963330.0,106.248646426276,MO93,0.0,550.475672,jardin,12.0,jardin.shp,jardin,550.4756719975769
144963334.0,121.813413222496,MO93,0.0,749.263213,jardin,12.0,jardin.shp,jardin,749.2632129976976
144963322.0,78.9897316414524,MO93,0.0,263.8083665,jardin,12.0,jardin.shp,jardin,263.80836649410753
144964322.0,75.5537000759547,MO93,0.0,127.376402,jardin,12.0,jardin.shp,jardin,127.37640200390972
135176550.0,15.5432379243786,MO93,0.0,9.2508705,jardin,12.0,jardin.shp,jardin,9.250870499675589
135176055.0,81.016308742953,MO93,0.0,112.6821575,jardin,12.0,jardin.shp,jardin,112.68215750501842
137638366.0,82.9453128994786,MO93,0.0,136.181195,jardin,12.0,jardin.shp,jardin,136.18119500796922
135168501.0,110.930989401433,MO93,0.0,232.9284135,jardin,12.0,jardin.shp,jardin,232.92841349159178
135168446.0,671.427623029427,MO93,0.0,4085.606958,jardin,12.0,jardin.shp,jardin,4085.6069580038215
137638374.0,36.8505611469841,MO93,0.0,59.630397,jardin,12.0,jardin.shp,jardin,59.630397001851236
3849064.0,187.6934452181,MO93,0.0,2358.8935345,foret,18.0,MOVD_CAD_TPR_CSBOIS_S.shp,foret,2358.8935345051386
135175700.0,265.779099764134,MO93,0.0,379.094943,jardin,12.0,jardin.shp,jardin,379.0949429982718
3849066.0,343.330366710414,MO93,0.0,2021.969085,foret,18.0,MOVD_CAD_TPR_CSBOIS_S.shp,foret,2021.96908498805
135037340.0,744.864923096987,MO93,0.0,6202.7100285,jardin,12.0,jardin.shp,jardin,6202.710028510053
144963340.0,121.094727245795,MO93,0.0,444.557741,jardin,12.0,jardin.shp,jardin,444.5577410024527
144964317.0,59.9479275678312,MO93,0.0,215.055295,jardin,12.0,jardin.shp,jardin,215.05529500010252
144963339.0,55.9524039206835,MO93,0.0,71.77,jardin,12.0,jardin.shp,jardin,71.77000000082654
144963321.0,86.7469312278593,MO93,0.0,396.6849325,jardin,12.0,jardin.shp,jardin,396.6849325034121
144963338.0,57.1959816950361,MO93,0.0,87.37705,jardin,12.0,jardin.shp,jardin,87.37705000359058
144963331.0,97.3912890738318,MO93,0.0,447.694468,jardin,12.0,jardin.shp,jardin,447.69446799902016
144963337.0,55.8994378738878,MO93,0.0,70.87655,jardin,12.0,jardin.shp,jardin,70.87655000353027
144963325.0,113.323841323403,MO93,0.0,705.885031,jardin,12.0,jardin.shp,jardin,705.8850309997346
144964308.0,112.354225270867,MO93,0.0,756.519164,jardin,12.0,jardin.shp,jardin,664.2539582840691
144964305.0,48.3514559160775,MO93,0.0,86.38712,jardin,12.0,jardin.shp,jardin,86.38711999913247
138041260.0,377.283960579661,MO93,0.0,1129.1874065,jardin,12.0,jardin.shp,jardin,1129.187406486014
132209157.0,13.1654079443366,MO93,0.0,8.6696475,jardin,12.0,jardin.shp,jardin,8.669647500015522
132209150.0,10.2367158877588,MO93,0.0,6.1613555,jardin,12.0,jardin.shp,jardin,6.161355500092793
132209155.0,10.302826114173,MO93,0.0,6.311207,jardin,12.0,jardin.shp,jardin,6.311206999576471
132209148.0,10.3089814018683,MO93,0.0,6.3110125,jardin,12.0,jardin.shp,jardin,6.311012499996997
132209149.0,10.3511942672881,MO93,0.0,6.3648035,jardin,12.0,jardin.shp,jardin,6.3648034998574685
132209146.0,10.2828759119854,MO93,0.0,6.2800345,jardin,12.0,jardin.shp,jardin,6.280034499910496
132209998.0,10.2945383188253,MO93,0.0,6.2362775,jardin,12.0,jardin.shp,jardin,6.236277500114022
132965467.0,9.25532475147756,MO93,0.0,5.2770145,jardin,12.0,jardin.shp,jardin,5.2770145005422435
3830367.0,699.109047563033,MO93,0.0,8900.0516765,jardin,12.0,jardin.shp,jardin,8900.051676502399
3822680.0,146.317827080416,NP,2.0,1163.860432,foret,18.0,MOVD_CAD_TPR_CSBOIS_S.shp,foret,1163.8604320041798
3850636.0,90.5519350274714,NP,2.0,305.42195,foret,18.0,MOVD_CAD_TPR_CSBOIS_S.shp,foret,305.4219500022258
3822826.0,136.752857150768,MO93,0.0,286.900735,foret,18.0,MOVD_CAD_TPR_CSBOIS_S.shp,foret,115.89400989719245
3823009.0,157.557201542821,MO93,0.0,540.14508,jardin,12.0,jardin.shp,jardin,175.93513599993423
3822825.0,60.1389280365134,MO93,0.0,162.97335,foret,18.0,MOVD_CAD_TPR_CSBOIS_S.shp,foret,162.97335000165117
3850650.0,235.416668582146,MO93,0.0,625.970147,jardin,12.0,jardin.shp,jardin,625.9701469978513
3850148.0,311.721184075723,MO93,0.0,2894.783398,foret,18.0,MOVD_CAD_TPR_CSBOIS_S.shp,foret,2894.783398000842
3822827.0,442.650773391433,MO93,0.0,1743.581759,jardin,12.0,jardin.shp,jardin,1743.5817590021893
3850146.0,164.487070572336,MO93,0.0,323.412224,jardin,12.0,jardin.shp,jardin,323.4122239991568
3823007.0,159.654414617946,MO93,0.0,450.146383,jardin,12.0,jardin.shp,jardin,450.1463830024455
3850654.0,427.587006455236,MO93,0.0,1427.290965,foret,18.0,MOVD_CAD_TPR_CSBOIS_S.shp,foret,1161.1141043226387
3822870.0,74.2658993503396,MO93,0.0,148.813466,jardin,12.0,jardin.shp,jardin,148.81346600083765
3850140.0,21.7931134904929,MO93,0.0,23.89055,jardin,12.0,jardin.shp,jardin,23.890549999747236
3822871.0,56.7232643461765,MO93,0.0,66.0771795,jardin,12.0,jardin.shp,jardin,66.07717949885533
3823708.0,96.8335232211744,MO93,0.0,71.918606,jardin,12.0,jardin.shp,jardin,71.91860600148705
3823710.0,1136.49708744489,MO93,0.0,6879.7940215,jardin,12.0,jardin.shp,jardin,6841.505933085258
3823709.0,67.8768347855693,MO93,0.0,103.155749,jardin,12.0,jardin.shp,jardin,103.1557489999539
3823006.0,46.9127519270902,MO93,0.0,110.1028,jardin,12.0,jardin.shp,jardin,110.10280000186671
3850652.0,209.267700270692,MO93,0.0,1438.160743,jardin,12.0,jardin.shp,jardin,1438.1607430001222
3823763.0,27.7859400045655,MO93,0.0,30.14755,jardin,12.0,jardin.shp,jardin,30.14755000033304
3822971.0,59.1179186054177,MO93,0.0,72.732441,jardin,12.0,jardin.shp,jardin,72.73244099668892
3822970.0,86.4805359425107,MO93,0.0,165.077458,jardin,12.0,jardin.shp,jardin,165.0774579983225
3823655.0,1056.52493457273,MO93,0.0,5066.2686265,foret,18.0,MOVD_CAD_TPR_CSBOIS_S.shp,foret,4927.631581595608
3850617.0,3579.11201039149,MO93,0.0,18789.155854,jardin,12.0,jardin.shp,jardin,18786.980633670137
3850204.0,22.5127011975203,MO93,0.0,28.92665,jardin,12.0,jardin.shp,jardin,28.92665000041518
3823163.0,317.172403389585,MO93,0.0,447.819515,pre,9.0,champ_pre_paturage.shp,pre,447.8195149957642
25113177.0,136.073208706943,MO93,0.0,27.33279,jardin,12.0,jardin.shp,jardin,27.332789997544523
3823064.0,189.138184933343,MO93,0.0,306.929375,pre,9.0,champ_pre_paturage.shp,pre,306.9293749987525
133261518.0,19.3991568581656,MO93,0.0,19.7821965,jardin,12.0,jardin.shp,jardin,19.782196499616223
3823657.0,330.159241084849,MO93,0.0,732.66541,pre,9.0,champ_pre_paturage.shp,pre,732.6654099969816
3823011.0,268.899257709106,MO93,0.0,1260.797589,jardin,12.0,jardin.shp,jardin,1260.79758900293
3823013.0,480.456327811042,MO93,0.0,2771.0801935,jardin,12.0,jardin.shp,jardin,2771.0801934998676
3850142.0,276.339915832693,MO93,0.0,983.388512,jardin,12.0,jardin.shp,jardin,983.3885120072337
3823005.0,149.988545812723,MO93,0.0,572.89062,jardin,12.0,jardin.shp,jardin,572.890619994489
3823004.0,68.1580027879105,MO93,0.0,112.2405275,jardin,12.0,jardin.shp,jardin,112.24052750306966
3823003.0,354.595467426679,MO93,0.0,1182.608751,jardin,12.0,jardin.shp,jardin,1182.6087509981637
3850651.0,88.2729151861468,MO93,0.0,106.284104,jardin,12.0,jardin.shp,jardin,106.28410399712686
3823002.0,82.2677010186203,MO93,0.0,193.2078,jardin,12.0,jardin.shp,jardin,193.20780000062803
3823001.0,51.5853753162665,MO93,0.0,134.608251,jardin,12.0,jardin.shp,jardin,134.60825100029126
3850143.0,51.9653443011644,MO93,0.0,114.2592335,jardin,12.0,jardin.shp,jardin,114.25923350327633
3850207.0,74.9337944386858,MO93,0.0,265.888251,jardin,12.0,jardin.shp,jardin,265.8882510008244
3823065.0,55.206152923502,MO93,0.0,89.040692,jardin,12.0,jardin.shp,jardin,89.0406919984102
3822968.0,16.0046432759563,MO93,0.0,11.3343,jardin,12.0,jardin.shp,jardin,11.334300001223385
3823108.0,27.6818517453758,MO93,0.0,22.5883,jardin,12.0,jardin.shp,jardin,22.588299999641766
96798661.0,47.3368817719304,MO93,0.0,45.591104,jardin,12.0,jardin.shp,jardin,45.59110400052152
96798663.0,50.4046612941528,NP,2.0,28.3680235,jardin,12.0,jardin.shp,jardin,20.514975410183872
96798665.0,186.864952700982,NP,2.0,458.5765065,jardin,12.0,jardin.shp,jardin,458.57650650569775
3850056.0,78.6585627009914,MO93,0.0,130.524554,jardin,12.0,jardin.shp,jardin,130.52455400209735
3850572.0,139.228502489478,MO93,0.0,517.752165,pre,9.0,champ_pre_paturage.shp,pre,517.752165005837
3823750.0,818.652183598551,MO93,0.0,3328.0990335,pre,9.0,champ_pre_paturage.shp,pre,3328.0990335010165
3850141.0,812.370212946758,MO93,0.0,933.809884,pre,9.0,champ_pre_paturage.shp,pre,933.809884003474
3823083.0,56.6674693434279,MO93,0.0,64.618508,jardin,12.0,jardin.shp,jardin,64.61850799926731
133262596.0,220.086190232794,MO93,0.0,52.7449935,jardin,12.0,jardin.shp,jardin,52.74499350020487
37159481.0,42.6490488445887,MO93,0.0,86.029134,jardin,12.0,jardin.shp,jardin,86.02913399955523
37159482.0,26.1891789047044,MO93,0.0,36.429362,jardin,12.0,jardin.shp,jardin,36.42936200040982
37159480.0,615.841083468503,MO93,0.0,2230.5793935,jardin,12.0,jardin.shp,jardin,2230.579393494517
37159478.0,34.3231737560803,MO93,0.0,42.2906365,jardin,12.0,jardin.shp,jardin,42.29063649710436
37159479.0,15.3641501298292,MO93,0.0,13.8678245,jardin,12.0,jardin.shp,jardin,13.867824500216042
37159489.0,268.040075119228,MO93,0.0,306.1528275,jardin,12.0,jardin.shp,jardin,306.1528274955134
3823751.0,243.486523531353,MO93,0.0,928.2072875,jardin,12.0,jardin.shp,jardin,928.2072874984741
3823070.0,35.7142760963416,MO93,0.0,41.47095,jardin,12.0,jardin.shp,jardin,41.47094999900409
3823752.0,968.442925468564,MO93,0.0,3622.820377,jardin,12.0,jardin.shp,jardin,3622.8203770134237
3850139.0,48.0663695095676,MO93,0.0,101.689873,jardin,12.0,jardin.shp,jardin,101.6898730008296
132111342.0,87.6510016058062,MO93,0.0,129.494364,jardin,12.0,jardin.shp,jardin,129.49436400086103
37159483.0,1224.95977905753,MO93,0.0,7091.143258,jardin,12.0,jardin.shp,jardin,7091.143258011963
37159496.0,1571.48569723889,MO93,0.0,9474.456764,jardin,12.0,jardin.shp,jardin,9474.456763997927
37159491.0,140.008671835036,MO93,0.0,415.4517295,jardin,12.0,jardin.shp,jardin,415.4517294997882
37159473.0,42.9939372507274,MO93,0.0,94.7294265,jardin,12.0,jardin.shp,jardin,94.72942650032155
37159493.0,144.100674896966,MO93,0.0,428.9534505,jardin,12.0,jardin.shp,jardin,428.9534504994325
37159490.0,145.648858055046,MO93,0.0,455.022545,jardin,12.0,jardin.shp,jardin,455.02254499815314
37159477.0,40.1408156293981,MO93,0.0,84.288755,jardin,12.0,jardin.shp,jardin,84.28875499974077
37159464.0,158.914792597906,MO93,0.0,574.5731775,jardin,12.0,jardin.shp,jardin,574.5731775004255
37159492.0,149.853707876192,MO93,0.0,399.2610975,jardin,12.0,jardin.shp,jardin,399.26109749514404
37159488.0,41.9626309759141,MO93,0.0,47.4051895,jardin,12.0,jardin.shp,jardin,47.405189500170856
37159465.0,155.497786667424,MO93,0.0,447.760867,jardin,12.0,jardin.shp,jardin,447.7608669937522
37159467.0,41.2137016584561,MO93,0.0,78.66445,jardin,12.0,jardin.shp,jardin,78.66444999825741
37159469.0,41.5517544523138,MO93,0.0,95.85765,jardin,12.0,jardin.shp,jardin,95.85765000136584
37159486.0,29.6400055469681,MO93,0.0,13.5402915,jardin,12.0,jardin.shp,jardin,13.540291500551792
37159487.0,111.643038475828,MO93,0.0,343.134558,jardin,12.0,jardin.shp,jardin,343.1345579980312
37159497.0,150.266668531462,MO93,0.0,394.795605,jardin,12.0,jardin.shp,jardin,394.79560499940555
37159474.0,43.2023619929734,MO93,0.0,96.4481645,jardin,12.0,jardin.shp,jardin,96.44816450077873
37159463.0,102.910914987802,MO93,0.0,148.56968,jardin,12.0,jardin.shp,jardin,148.5696800019213
37159494.0,135.769882651871,MO93,0.0,223.9624585,jardin,12.0,jardin.shp,jardin,223.96245850307167
37159495.0,75.4117693652754,MO93,0.0,263.3546,jardin,12.0,jardin.shp,jardin,263.3546000049667
37159485.0,73.5997392079405,MO93,0.0,256.611915,jardin,12.0,jardin.shp,jardin,256.61191499655655
37159427.0,153.738014496704,MO93,0.0,426.1292195,jardin,12.0,jardin.shp,jardin,426.12921949906763
37159424.0,113.600239173462,MO93,0.0,303.421605,jardin,12.0,jardin.shp,jardin,303.42160500497226
37159420.0,124.23838409649,MO93,0.0,258.7380365,jardin,12.0,jardin.shp,jardin,258.7380364990767
37159423.0,43.0510229284763,MO93,0.0,80.335035,jardin,12.0,jardin.shp,jardin,80.33503499940355
3850055.0,328.29328548981,MO93,0.0,160.270906,jardin,12.0,jardin.shp,jardin,160.27090600517602
3823063.0,207.537156499841,MO93,0.0,797.64507,pre,9.0,champ_pre_paturage.shp,pre,797.645070003219
3823757.0,86.8056939184629,MO93,0.0,119.3723325,jardin,12.0,jardin.shp,jardin,119.37233250308539
3850203.0,257.790997631708,MO93,0.0,1143.092763,jardin,12.0,jardin.shp,jardin,1143.0927630022738
3823061.0,335.778919431901,MO93,0.0,1560.87474,jardin,12.0,jardin.shp,jardin,1560.8747399976724
3823653.0,189.910074055225,MO93,0.0,847.050529,jardin,12.0,jardin.shp,jardin,847.050528993667
135766271.0,2529.81128263583,MO93,0.0,22000.656743,jardin,12.0,jardin.shp,jardin,22000.65674298193
3823756.0,90.5456455789706,MO93,0.0,134.5374215,jardin,12.0,jardin.shp,jardin,134.53742150041353
3823650.0,39.1810761460115,MO93,0.0,102.353652,jardin,12.0,jardin.shp,jardin,102.35365200042011
3823760.0,127.598854630935,MO93,0.0,348.443675,jardin,12.0,jardin.shp,jardin,348.44367500118
37159484.0,188.615384325134,MO93,0.0,548.075407,jardin,12.0,jardin.shp,jardin,548.075406999783
3823180.0,764.578817428568,MO93,0.0,5804.341291,jardin,12.0,jardin.shp,jardin,5804.3412910124825
37159476.0,806.58683147994,MO93,0.0,5263.162926,jardin,12.0,jardin.shp,jardin,5263.1629259885285
37159475.0,1815.8886107567,MO93,0.0,9525.305287,jardin,12.0,jardin.shp,jardin,9525.305287031033
37159466.0,68.8431397838778,MO93,0.0,85.22253,jardin,12.0,jardin.shp,jardin,85.22253000077686
3823116.0,65.9293584592778,MO93,0.0,76.9528,jardin,12.0,jardin.shp,jardin,76.95280000226832
37171095.0,411.285270959772,MO93,0.0,2138.344362,jardin,12.0,jardin.shp,jardin,2138.3443619995696
37171101.0,71.6638184004712,MO93,0.0,83.226953,jardin,12.0,jardin.shp,jardin,83.22695299834602
37171127.0,77.5294863437796,MO93,0.0,185.0805075,jardin,12.0,jardin.shp,jardin,185.08050750031316
37171128.0,154.643592106819,MO93,0.0,679.2257675,jardin,12.0,jardin.shp,jardin,679.2257675024566
3823700.0,267.525601027294,MO93,0.0,768.364268,jardin,12.0,jardin.shp,jardin,768.364267994295
3823645.0,88.1219145101892,MO93,0.0,151.546519,jardin,12.0,jardin.shp,jardin,151.54651900056922
3823762.0,65.0511006848893,MO93,0.0,89.46455,jardin,12.0,jardin.shp,jardin,89.46455000249858
3823643.0,805.323186970208,MO93,0.0,5386.769814,jardin,12.0,jardin.shp,jardin,5386.769814006533
3823644.0,38.884812237407,MO93,0.0,22.33699,jardin,12.0,jardin.shp,jardin,22.336990000137114
3823755.0,29.5422190367428,MO93,0.0,54.0465,jardin,12.0,jardin.shp,jardin,54.046499997491715
3850664.0,96.6791305510252,MO93,0.0,173.792181,jardin,12.0,jardin.shp,jardin,173.79218099858386
3823155.0,171.920044755945,MO93,0.0,360.030969,jardin,12.0,jardin.shp,jardin,360.0309690018308
3850642.0,36.3922026550994,MO93,0.0,42.97995,jardin,12.0,jardin.shp,jardin,42.97994999877522
3850153.0,133.966009246485,MO93,0.0,371.3921925,jardin,12.0,jardin.shp,jardin,371.39219251054476
37171115.0,510.259646991256,MO93,0.0,3253.9250005,jardin,12.0,jardin.shp,jardin,3253.9250005024255
37171112.0,36.8446319776269,MO93,0.0,55.617462,jardin,12.0,jardin.shp,jardin,55.61746199916679
37171114.0,480.518335142729,MO93,0.0,2899.900267,jardin,12.0,jardin.shp,jardin,2899.9002669942665
37171126.0,117.303813771582,MO93,0.0,438.97005,jardin,12.0,jardin.shp,jardin,438.9700499970105
37171125.0,209.414185896439,MO93,0.0,1142.8109,jardin,12.0,jardin.shp,jardin,1142.81090000234
37171120.0,425.498319568422,MO93,0.0,1642.1667195,jardin,12.0,jardin.shp,jardin,1642.166719485575
37171123.0,61.8800971571344,MO93,0.0,52.69185,jardin,12.0,jardin.shp,jardin,52.69184999865652
37171121.0,59.0433060426973,MO93,0.0,102.0355145,jardin,12.0,jardin.shp,jardin,102.03551449857261
37171119.0,270.963002386737,MO93,0.0,1324.665093,jardin,12.0,jardin.shp,jardin,1324.6650929985678
37171086.0,82.4993441717302,MO93,0.0,238.9220175,jardin,12.0,jardin.shp,jardin,238.92201749951067
3823642.0,60.2464449430706,MO93,0.0,130.2408155,jardin,12.0,jardin.shp,jardin,130.24081550015978
3850214.0,2326.58069112389,MO93,0.0,23971.776785,jardin,12.0,jardin.shp,jardin,23971.77678499922
3823641.0,60.2760083514909,MO93,0.0,127.7782095,jardin,12.0,jardin.shp,jardin,127.77820949919104
3850662.0,91.2336145867306,MO93,0.0,224.5592405,jardin,12.0,jardin.shp,jardin,224.55924049934046
3850661.0,147.579122170941,MO93,0.0,270.102467,jardin,12.0,jardin.shp,jardin,270.1024669998012
3823640.0,36.2570877532025,MO93,0.0,42.509635,jardin,12.0,jardin.shp,jardin,42.50963500029758
3823115.0,51.7575762921773,MO93,0.0,92.549877,jardin,12.0,jardin.shp,jardin,92.54987700138727
37171094.0,92.1336897159456,MO93,0.0,28.66015,jardin,12.0,jardin.shp,jardin,28.660149996701083
3823754.0,947.753053370076,MO93,0.0,5118.364564,jardin,12.0,jardin.shp,jardin,5118.36456399664
3823803.0,1249.10738080709,MO93,0.0,6160.6806215,jardin,12.0,jardin.shp,jardin,6160.680621488003
37171122.0,282.177761969518,MO93,0.0,725.9956635,jardin,12.0,jardin.shp,jardin,725.9956634961655
37171107.0,179.94747038541,MO93,0.0,1232.360717,jardin,12.0,jardin.shp,jardin,1232.36071700154
37171118.0,26.9560549619834,MO93,0.0,48.03365,jardin,12.0,jardin.shp,jardin,48.03364999991716
37171117.0,293.433899130727,MO93,0.0,896.5996505,jardin,12.0,jardin.shp,jardin,896.5996505023049
37171218.0,1019.14673950469,MO93,0.0,7627.3339965,jardin,12.0,jardin.shp,jardin,7627.333996493187
37171108.0,133.390437996554,MO93,0.0,743.3060835,jardin,12.0,jardin.shp,jardin,743.3060834960379
37171227.0,62.9438570604324,MO93,0.0,260.752641,jardin,12.0,jardin.shp,jardin,260.7526410010949
37171116.0,23.5345481450688,MO93,0.0,31.548462,jardin,12.0,jardin.shp,jardin,31.548462000666472
37171099.0,131.206267558685,MO93,0.0,936.599223,jardin,12.0,jardin.shp,jardin,936.5992230004872
37171091.0,12.7392577846243,MO93,0.0,8.30125,jardin,12.0,jardin.shp,jardin,8.30124999961583
37171096.0,2574.21637182255,MO93,0.0,21271.0762855,jardin,12.0,jardin.shp,jardin,21271.076285495757
37171124.0,37.1822277924757,MO93,0.0,79.9502575,jardin,12.0,jardin.shp,jardin,79.95025750103937
37171097.0,386.216517234489,MO93,0.0,1938.2200505,jardin,12.0,jardin.shp,jardin,1938.220050499536
37171219.0,23.3039669531027,MO93,0.0,32.79278,jardin,12.0,jardin.shp,jardin,32.79278000023638
37171130.0,1075.30208198549,MO93,0.0,7637.2140205,jardin,12.0,jardin.shp,jardin,7637.214020507961
37171129.0,32.7596229466,MO93,0.0,50.1187065,jardin,12.0,jardin.shp,jardin,50.11870650086246
37171098.0,42.3059179985078,MO93,0.0,62.38307,jardin,12.0,jardin.shp,jardin,62.38306999948259
37171131.0,1027.39603504093,MO93,0.0,6308.537351,jardin,12.0,jardin.shp,jardin,6308.5373509980645
37170581.0,607.888301793318,MO93,0.0,3526.4232295,jardin,12.0,jardin.shp,jardin,3526.423229491193
37171066.0,232.882289384255,MO93,0.0,1952.774786,foret,18.0,MOVD_CAD_TPR_CSBOIS_S.shp,foret,1952.7747859969563
3823647.0,1065.66688908006,MO93,0.0,4907.557465,jardin,12.0,jardin.shp,jardin,4907.557465004516
3823646.0,224.366499861264,MO93,0.0,1194.43704,foret,18.0,MOVD_CAD_TPR_CSBOIS_S.shp,foret,1186.9002765929094
37171092.0,160.937376637221,MO93,0.0,553.642485,jardin,12.0,jardin.shp,jardin,553.6424850031673
146490204.0,144.474698298589,MO93,0.0,134.08867,jardin,12.0,jardin.shp,jardin,134.0886699991255
37171223.0,84.5225172979431,MO93,0.0,189.521831,jardin,12.0,jardin.shp,jardin,189.5218309991136
37171089.0,98.66881325195,MO93,0.0,467.26162,foret,18.0,MOVD_CAD_TPR_CSBOIS_S.shp,foret,467.26161999856726
37171088.0,64.8600294005721,MO93,0.0,18.8975245,jardin,12.0,jardin.shp,jardin,18.897524501052978
37171222.0,538.761789785043,MO93,0.0,2966.06629,jardin,12.0,jardin.shp,jardin,2966.0662900118323
37171224.0,106.857000152525,MO93,0.0,418.1237115,jardin,12.0,jardin.shp,jardin,418.123711501403
92705024.0,42.4489463844941,MO93,0.0,99.97595,jardin,12.0,jardin.shp,jardin,99.97594999916008
37171220.0,108.399112212443,MO93,0.0,226.3104575,jardin,12.0,jardin.shp,jardin,226.3104575042147
37170572.0,113.548566051597,MO93,0.0,296.405675,jardin,12.0,jardin.shp,jardin,296.4056750044126
61208787.0,213.985141545645,MO93,0.0,1534.3215755,foret,18.0,MOVD_CAD_TPR_CSBOIS_S.shp,foret,1534.321575511141
3823768.0,658.662155558601,MO93,0.0,2291.450378,jardin,12.0,jardin.shp,jardin,2291.4503779996735
3822811.0,489.096500588904,MO93,0.0,4114.485557,jardin,12.0,jardin.shp,jardin,4114.485557011341
89870123.0,19.4235205928392,MO93,0.0,9.936975,jardin,12.0,jardin.shp,jardin,9.936975000435929
3822814.0,317.547958008647,MO93,0.0,1052.796537,jardin,12.0,jardin.shp,jardin,1052.7965370027855
3822852.0,3178.74414415826,MO93,0.0,19025.0131765,jardin,12.0,jardin.shp,jardin,19025.01317650708
3822711.0,830.733320392865,MO93,0.0,10262.2595535,foret,18.0,MOVD_CAD_TPR_CSBOIS_S.shp,foret,290.0107095544382
3822749.0,795.751169028472,MO93,0.0,10482.3730625,foret,18.0,MOVD_CAD_TPR_CSBOIS_S.shp,foret,10418.929327888336
3847185.0,61.1515560417841,MO93,0.0,183.717304,jardin,12.0,jardin.shp,jardin,183.71730400247048
3824953.0,342.489749576396,MO93,0.0,1635.123654,jardin,12.0,jardin.shp,jardin,1635.1236540112604
37171067.0,158.421321427452,MO93,0.0,77.302677,jardin,12.0,jardin.shp,jardin,77.30267699729778
37170580.0,2054.02904214051,MO93,0.0,12892.2534855,jardin,12.0,jardin.shp,jardin,12892.253485500636
137186006.0,1922.85131401315,MO93,0.0,12965.755859,jardin,12.0,jardin.shp,jardin,12965.755858996494
37170579.0,229.35575166363,MO93,0.0,639.886438,jardin,12.0,jardin.shp,jardin,639.8864379943905
37170583.0,1511.67666143399,MO93,0.0,11242.7635115,jardin,12.0,jardin.shp,jardin,11242.763511505736
37171068.0,30.6310491184759,MO93,0.0,55.90764,jardin,12.0,jardin.shp,jardin,55.90764000078281
3850625.0,704.691282406401,MO93,0.0,2555.3597665,jardin,12.0,jardin.shp,jardin,2555.359766512782
37171069.0,33.6239179720804,MO93,0.0,41.119125,jardin,12.0,jardin.shp,jardin,41.119124998704294
37171070.0,19.7617514563974,MO93,0.0,20.584628,jardin,12.0,jardin.shp,jardin,20.58462799941728
37171060.0,772.102919350495,MO93,0.0,4528.317293,jardin,12.0,jardin.shp,jardin,4528.31729300647
3850564.0,205.925969727129,MO93,0.0,1023.655209,jardin,12.0,jardin.shp,jardin,1023.655208996481
3823182.0,46.1694981624957,MO93,0.0,41.3429365,jardin,12.0,jardin.shp,jardin,41.342936499735416
3850616.0,465.188758646728,MO93,0.0,3570.52451,foret,18.0,MOVD_CAD_TPR_CSBOIS_S.shp,foret,3473.8082614430714
3823651.0,665.752434026605,MO93,0.0,3174.2208665,jardin,12.0,jardin.shp,jardin,3174.2208665001854
3850449.0,3121.22611641855,NP,2.0,30629.709663,jardin,12.0,jardin.shp,jardin,217.34771999761062
3823758.0,161.317312243617,MO93,0.0,453.838815,jardin,12.0,jardin.shp,jardin,453.8388150003102
3823649.0,79.2132933876347,MO93,0.0,87.8483025,jardin,12.0,jardin.shp,jardin,87.84830249827753
3850470.0,511.867430727166,NP,2.0,6043.9476925,foret,18.0,MOVD_CAD_TPR_CSBOIS_S.shp,foret,450.79207817119567
3823648.0,24.4085342766278,MO93,0.0,39.0450925,jardin,12.0,jardin.shp,jardin,39.04509250008712
143122213.0,405.272934663163,MO93,0.0,3305.959094,foret,18.0,MOVD_CAD_TPR_CSBOIS_S.shp,foret,3305.9590939974228
3823158.0,899.06472593415,MO93,0.0,7201.072204,jardin,12.0,jardin.shp,jardin,7201.072203991468
3822682.0,130.92628414455,NP,2.0,800.272945,foret,18.0,MOVD_CAD_TPR_CSBOIS_S.shp,foret,134.1328197928402
3822847.0,61.868263387585,NP,2.0,128.9141655,pre,9.0,champ_pre_paturage.shp,pre,128.9141654959132
3822846.0,126.596756581295,NP,2.0,871.2939425,foret,18.0,MOVD_CAD_TPR_CSBOIS_S.shp,foret,189.0303401296461
136917741.0,1693.50723598641,NP,2.0,18850.6444995,jardin,12.0,jardin.shp,jardin,66.52734675891195
3823771.0,129.895858062315,MO93,0.0,103.8829445,jardin,12.0,jardin.shp,jardin,103.88294449208965
3823159.0,113.422792812229,MO93,0.0,232.328527,jardin,12.0,jardin.shp,jardin,232.32852700374323
3850132.0,197.238045681468,MO93,0.0,752.036878,jardin,12.0,jardin.shp,jardin,752.0368780004657
3850131.0,509.055029041644,MO93,0.0,4345.588047,foret,18.0,MOVD_CAD_TPR_CSBOIS_S.shp,foret,3279.4330702306
3823767.0,27.5792284113236,MO93,0.0,20.0735235,jardin,12.0,jardin.shp,jardin,20.073523499559037
3849967.0,15.0195116813335,MO93,0.0,8.5537,jardin,12.0,jardin.shp,jardin,8.553700000224124
3822750.0,121.741298812587,MO93,0.0,429.8056985,jardin,12.0,jardin.shp,jardin,429.8056984998031
37170567.0,95.9486210355796,MO93,0.0,45.0140565,jardin,12.0,jardin.shp,jardin,45.01405649934874
37170566.0,83.7892971687689,MO93,0.0,77.9065375,jardin,12.0,jardin.shp,jardin,77.9065375023146
37171078.0,30.8311082364324,MO93,0.0,57.475226,jardin,12.0,jardin.shp,jardin,57.475226000868744
37171080.0,549.246091661266,MO93,0.0,1582.38944,jardin,12.0,jardin.shp,jardin,1582.3894400047038
37171062.0,266.243371258363,MO93,0.0,1486.606663,jardin,12.0,jardin.shp,jardin,1486.6066630045746
37171061.0,77.1117707891956,MO93,0.0,118.861965,jardin,12.0,jardin.shp,jardin,118.86196500060112
37171079.0,29.5969043228372,MO93,0.0,56.417788,jardin,12.0,jardin.shp,jardin,56.41778800070094
37171065.0,263.933514279569,MO93,0.0,1993.9422465,jardin,12.0,jardin.shp,jardin,1993.9422465008668
133084116.0,796.047960135791,MO93,0.0,4620.949462,jardin,12.0,jardin.shp,jardin,4620.949461997612
37171076.0,238.727282786342,MO93,0.0,395.390115,jardin,12.0,jardin.shp,jardin,395.39011500350057
133586842.0,35.3584374491813,MO93,0.0,55.6591125,jardin,12.0,jardin.shp,jardin,55.659112501662506
133586831.0,178.616302150756,MO93,0.0,775.8057615,jardin,12.0,jardin.shp,jardin,775.8057615000541
133586841.0,187.776127195626,MO93,0.0,907.5218415,jardin,12.0,jardin.shp,jardin,907.5218414932339
3824824.0,434.853707059752,MO93,0.0,6465.4707,foret,18.0,MOVD_CAD_TPR_CSBOIS_S.shp,foret,6465.4706999982145
3825017.0,506.91548032924,MO93,0.0,1719.048998,jardin,12.0,jardin.shp,jardin,335.01048911541704
3825016.0,228.896615935484,MO93,0.0,1081.5714265,foret,18.0,MOVD_CAD_TPR_CSBOIS_S.shp,foret,569.9634675294237
147236687.0,295.445299607523,MO93,0.0,1329.3611965,jardin,12.0,jardin.shp,jardin,392.00559775049106
37171071.0,35.9996355313238,MO93,0.0,38.3595435,jardin,12.0,jardin.shp,jardin,38.359543500974574
37159460.0,63.4455738957311,MO93,0.0,122.453062,jardin,12.0,jardin.shp,jardin,122.4530619978982
37170588.0,71.0523511603973,MO93,0.0,283.718602,jardin,12.0,jardin.shp,jardin,283.7186020051613
37170584.0,197.330735116245,MO93,0.0,811.7960645,jardin,12.0,jardin.shp,jardin,811.7960645010937
37181757.0,712.644618658475,MO93,0.0,4060.571603,jardin,12.0,jardin.shp,jardin,4060.5716029964638
37170587.0,111.604703081482,MO93,0.0,370.870016,jardin,12.0,jardin.shp,jardin,370.8700159991113
3824892.0,619.413136955989,MO93,0.0,4571.6186185,jardin,12.0,jardin.shp,jardin,4571.618618505617
37170586.0,25.2775039726758,MO93,0.0,39.8744,jardin,12.0,jardin.shp,jardin,39.87439999943543
3846119.0,75.3576332937664,MO93,0.0,188.4558295,jardin,12.0,jardin.shp,jardin,188.45582949967033
3845978.0,190.961068003743,MO93,0.0,752.1660425,jardin,12.0,jardin.shp,jardin,752.1660425079433
37170598.0,79.0804378340408,MO93,0.0,122.59918,jardin,12.0,jardin.shp,jardin,122.59917999971894
37170606.0,43.6312454834429,MO93,0.0,80.5864,jardin,12.0,jardin.shp,jardin,80.58639999688849
37170603.0,41.616139065136,MO93,0.0,73.108965,jardin,12.0,jardin.shp,jardin,73.10896500034058
37170593.0,139.350478599462,MO93,0.0,149.52795,jardin,12.0,jardin.shp,jardin,149.52795000160893
37170605.0,22.6655011033535,MO93,0.0,32.55585,jardin,12.0,jardin.shp,jardin,32.55585000036945
37170590.0,117.178354869907,MO93,0.0,432.521074,jardin,12.0,jardin.shp,jardin,432.5210740043146
37170604.0,23.1642303221684,MO93,0.0,33.2161,jardin,12.0,jardin.shp,jardin,33.216100000258166
37170597.0,44.111984781857,MO93,0.0,57.300035,jardin,12.0,jardin.shp,jardin,57.30003499988563
37170591.0,35.7931871134833,MO93,0.0,64.695201,jardin,12.0,jardin.shp,jardin,64.69520099764759
37170596.0,46.08700276666,MO93,0.0,87.9660725,jardin,12.0,jardin.shp,jardin,87.9660724993893
37170592.0,70.151023300287,MO93,0.0,260.816999,jardin,12.0,jardin.shp,jardin,260.8169990007136
3829195.0,119.011333655523,MO93,0.0,260.365655,jardin,12.0,jardin.shp,jardin,260.3656549986372
37681760.0,91.7336289503162,MO93,0.0,428.9948125,jardin,12.0,jardin.shp,jardin,428.99481249816716
37681758.0,31.7367770992856,MO93,0.0,28.30384,jardin,12.0,jardin.shp,jardin,28.30383999870749
37681764.0,69.42171140022,MO93,0.0,195.3456945,jardin,12.0,jardin.shp,jardin,195.3456944998915
3830399.0,456.197294141548,MO93,0.0,1817.0220385,jardin,12.0,jardin.shp,jardin,1817.022038505149
3828795.0,33.8283429664597,MO93,0.0,48.49375,jardin,12.0,jardin.shp,jardin,48.49374999846681
3829408.0,853.334355918538,MO93,0.0,4911.6602245,jardin,12.0,jardin.shp,jardin,4911.660224509555
3847691.0,806.489983572392,MO93,0.0,6466.861591,jardin,12.0,jardin.shp,jardin,6466.861590983416
3829410.0,88.8889891093577,MO93,0.0,263.6159945,jardin,12.0,jardin.shp,jardin,263.61599450044815
3824822.0,79.1498757852969,MO93,0.0,52.851186,jardin,12.0,jardin.shp,jardin,52.85118599955451
3824823.0,46.2722597114249,MO93,0.0,85.073082,jardin,12.0,jardin.shp,jardin,85.07308200009581
133586833.0,34.9487105476878,MO93,0.0,45.942842,jardin,12.0,jardin.shp,jardin,45.94284199852434
133586837.0,240.396564611159,MO93,0.0,774.5212935,jardin,12.0,jardin.shp,jardin,774.5212934956435
3825051.0,288.015716448895,MO93,0.0,2116.2017995,jardin,12.0,jardin.shp,jardin,2116.2017994978323
3825204.0,85.2356592592493,MO93,0.0,333.8798995,jardin,12.0,jardin.shp,jardin,333.8798995008292
3825052.0,68.8468630472629,MO93,0.0,171.7087975,jardin,12.0,jardin.shp,jardin,171.70879750101838
133586836.0,6.88916131851821,MO93,0.0,2.83147,jardin,12.0,jardin.shp,jardin,2.8314699997545407
133586835.0,13.5957708762843,MO93,0.0,7.4028,jardin,12.0,jardin.shp,jardin,7.4028000008736745
133586838.0,194.994050042642,MO93,0.0,698.6579485,jardin,12.0,jardin.shp,jardin,698.657948500346
3846303.0,412.300685804448,MO93,0.0,1898.376753,jardin,12.0,jardin.shp,jardin,1898.376753002365
3846215.0,686.097436365725,MO93,0.0,3283.2544775,jardin,12.0,jardin.shp,jardin,3283.254477492188
3846097.0,297.98180409144,MO93,0.0,961.313165,jardin,12.0,jardin.shp,jardin,961.3131649948804
3847299.0,67.3076376892301,MO93,0.0,205.2887,jardin,12.0,jardin.shp,jardin,205.28870000029443
3846000.0,136.59255626403,MO93,0.0,239.4068165,jardin,12.0,jardin.shp,jardin,239.4068164989849
3825355.0,21.3147447706226,MO93,0.0,25.271404,jardin,12.0,jardin.shp,jardin,25.271404000149904
3825303.0,424.266135558289,MO93,0.0,2581.909602,jardin,12.0,jardin.shp,jardin,2581.9096019972926
3845787.0,31.6418861301585,MO93,0.0,50.33495,jardin,12.0,jardin.shp,jardin,50.334949999531915
146487245.0,74.5238786836006,MO93,0.0,63.791279,jardin,12.0,jardin.shp,jardin,63.79127900050031
3825312.0,1860.49374462639,MO93,0.0,9708.939671,jardin,12.0,jardin.shp,jardin,9708.939671015016
147236688.0,699.054561462604,MO93,0.0,3489.140933,jardin,12.0,jardin.shp,jardin,2399.578046042216
3845761.0,217.580411275579,MO93,0.0,1494.0913135,jardin,12.0,jardin.shp,jardin,58.99059924134643
3846267.0,278.878795548903,MO93,0.0,1227.630602,jardin,12.0,jardin.shp,jardin,1227.6306020037182
3841124.0,468.494389160542,MO93,0.0,1973.3841335,jardin,12.0,jardin.shp,jardin,1973.3841335007044
136092463.0,1310.64761067129,MO93,0.0,6280.817765,jardin,12.0,jardin.shp,jardin,6280.817764994105
3840747.0,29.2600373821444,MO93,0.0,51.87085,jardin,12.0,jardin.shp,jardin,51.87084999840903
74375844.0,59.513347031872,MO93,0.0,44.8255185,jardin,12.0,jardin.shp,jardin,44.82551849746402
74375846.0,776.638671286533,MO93,0.0,2862.909211,jardin,12.0,jardin.shp,jardin,2862.9092109931225
74375848.0,22.9203583620228,MO93,0.0,31.7917,jardin,12.0,jardin.shp,jardin,31.791699999747053
74375850.0,123.0924660563,MO93,0.0,701.339659,jardin,12.0,jardin.shp,jardin,701.3396590057696
3848979.0,86.8575088108414,MO93,0.0,149.13793,jardin,12.0,jardin.shp,jardin,149.13793000169207
132607457.0,115.872048647623,MO93,0.0,163.468191,jardin,12.0,jardin.shp,jardin,163.4681909981066
74375849.0,183.921404020947,MO93,0.0,685.398651,jardin,12.0,jardin.shp,jardin,685.3986510051295
3847302.0,84.1641541986421,MO93,0.0,268.2211355,jardin,12.0,jardin.shp,jardin,268.22113550388696
3845979.0,58.6378564295962,MO93,0.0,107.42448,jardin,12.0,jardin.shp,jardin,107.42448000019007
3849856.0,29.0840120179233,MO93,0.0,14.392202,jardin,12.0,jardin.shp,jardin,14.392201999209403
3825321.0,58.4917183670999,MO93,0.0,113.71698,jardin,12.0,jardin.shp,jardin,113.71698000060346
136092466.0,25.3966339256119,MO93,0.0,9.007142,jardin,12.0,jardin.shp,jardin,9.007142001030726
3849857.0,42.4038899334038,MO93,0.0,64.8744875,jardin,12.0,jardin.shp,jardin,64.87448750096122
144793117.0,45.5810013620323,MO93,0.0,11.216615,jardin,12.0,jardin.shp,jardin,11.216615000032114
136092467.0,11.8818026983065,MO93,0.0,6.722199,jardin,12.0,jardin.shp,jardin,6.722199000491667
136092497.0,13.3326264954014,MO93,0.0,9.071821,jardin,12.0,jardin.shp,jardin,9.071820999711049
144793118.0,56.8974369147121,MO93,0.0,52.8437515,jardin,12.0,jardin.shp,jardin,52.843751498363915
133586840.0,8.4685884606677,MO93,0.0,2.041387,jardin,12.0,jardin.shp,jardin,2.041387000242818
133586834.0,16.0487752832701,MO93,0.0,9.1040655,jardin,12.0,jardin.shp,jardin,9.104065499740212
3847540.0,68.7158970551532,MO93,0.0,112.7103175,jardin,12.0,jardin.shp,jardin,112.7103174997616
3847382.0,481.320369723048,MO93,0.0,6285.3433815,foret,18.0,MOVD_CAD_TPR_CSBOIS_S.shp,foret,6285.3433815084145
3847542.0,418.134722512978,MO93,0.0,1382.721103,jardin,12.0,jardin.shp,jardin,1382.7211030037952
3824453.0,69.6264525511733,MO93,0.0,138.025947,jardin,12.0,jardin.shp,jardin,138.02594699956
3824870.0,1534.5977245814,MO93,0.0,17677.489201,foret,18.0,MOVD_CAD_TPR_CSBOIS_S.shp,foret,17677.489201008804
3824941.0,95.1143016291824,MO93,0.0,253.337847,jardin,12.0,jardin.shp,jardin,253.33784699904598
3825200.0,1717.52275694519,MO93,0.0,8095.8550055,jardin,12.0,jardin.shp,jardin,8095.855005511371
3824857.0,1375.46353410425,MO93,0.0,7534.850856,jardin,12.0,jardin.shp,jardin,7534.850856001437
3846100.0,219.029955028485,MO93,0.0,1186.3608375,jardin,12.0,jardin.shp,jardin,1186.3608375061383
3845786.0,23.6578240840461,MO93,0.0,10.7971,jardin,12.0,jardin.shp,jardin,10.797099999839766
3846001.0,26.1698796844364,MO93,0.0,10.08275,jardin,12.0,jardin.shp,jardin,10.082750000107568
3846117.0,61.1644726869354,MO93,0.0,90.8293545,jardin,12.0,jardin.shp,jardin,90.82935450330996
3846145.0,153.609379220332,MO93,0.0,554.00095,jardin,12.0,jardin.shp,jardin,554.0009499976061
3845962.0,57.0729008848252,MO93,0.0,75.1836,jardin,12.0,jardin.shp,jardin,75.18359999765745
3845904.0,1056.55587632769,MO93,0.0,4623.775441,jardin,12.0,jardin.shp,jardin,4623.775440981972
3846048.0,1658.79003079514,MO93,0.0,9886.272019,jardin,12.0,jardin.shp,jardin,9886.272018977455
3846181.0,148.321950050069,MO93,0.0,232.5169655,jardin,12.0,jardin.shp,jardin,232.5169654977879
3846299.0,130.480246886649,MO93,0.0,434.870709,jardin,12.0,jardin.shp,jardin,434.8707090038008
31319450.0,82.5851415636456,MO93,0.0,123.2407345,jardin,12.0,jardin.shp,jardin,123.24073450876345
3845759.0,25.7273023612896,MO93,0.0,24.2177995,jardin,12.0,jardin.shp,jardin,24.217799500748608
3825199.0,62.7176522783748,MO93,0.0,143.9862825,jardin,12.0,jardin.shp,jardin,143.98628250320473
3846142.0,13.2231018366885,MO93,0.0,4.2242095,jardin,12.0,jardin.shp,jardin,4.224209499927351
136851935.0,36.6799149163489,MO93,0.0,36.083118,jardin,12.0,jardin.shp,jardin,36.08311799854321
3825327.0,185.789962078997,MO93,0.0,669.8650575,jardin,12.0,jardin.shp,jardin,669.865057496949
136852026.0,89.6334414134647,MO93,0.0,334.345027,jardin,12.0,jardin.shp,jardin,334.3450270010512
3845960.0,189.035082677946,MO93,0.0,638.048788,jardin,12.0,jardin.shp,jardin,638.0487880014601
3849864.0,43.2160444151593,MO93,0.0,49.84125,jardin,12.0,jardin.shp,jardin,49.84125000028639
3847300.0,193.511602977747,MO93,0.0,563.334487,jardin,12.0,jardin.shp,jardin,563.3344870090799
3825311.0,70.1412531193273,MO93,0.0,61.507985,jardin,12.0,jardin.shp,jardin,61.507984999391795
3825304.0,345.278268045075,MO93,0.0,1193.612008,jardin,12.0,jardin.shp,jardin,1193.6120079981993
3825339.0,819.342720239111,MO93,0.0,4105.1235335,jardin,12.0,jardin.shp,jardin,4105.123533511552
3825184.0,35.6505920868776,MO93,0.0,45.182506,jardin,12.0,jardin.shp,jardin,45.18250600114307
3845965.0,522.270977679077,MO93,0.0,2004.2340325,jardin,12.0,jardin.shp,jardin,2004.2340325066457
3847714.0,175.479331100763,MO93,0.0,348.1807175,jardin,12.0,jardin.shp,jardin,348.18071749987365
3845756.0,326.727574030262,MO93,0.0,590.83442,jardin,12.0,jardin.shp,jardin,590.8344200051063
3825318.0,258.319951853284,MO93,0.0,778.2191415,jardin,12.0,jardin.shp,jardin,778.2191415021475
132177685.0,47.6227737881692,MO93,0.0,70.7464505,jardin,12.0,jardin.shp,jardin,70.74645050147669
74375841.0,887.620880624176,MO93,0.0,5911.057745,jardin,12.0,jardin.shp,jardin,5911.057744989628
3845903.0,885.137548633043,MO93,0.0,3856.058051,jardin,12.0,jardin.shp,jardin,3856.058051004283
3847336.0,640.913698461854,MO93,0.0,3205.439683,jardin,12.0,jardin.shp,jardin,3205.4396830091405
132343343.0,17.1526391706233,MO93,0.0,18.388314,jardin,12.0,jardin.shp,jardin,18.388313998967654
3844522.0,12.5455458239317,MO93,0.0,9.1119,jardin,12.0,jardin.shp,jardin,9.111899999118783
3846302.0,1514.71675021914,MO93,0.0,9156.102513,jardin,12.0,jardin.shp,jardin,9156.10251297649
3845975.0,33.1796852433937,MO93,0.0,25.751886,jardin,12.0,jardin.shp,jardin,25.751885999424072
3831447.0,73.376468322834,MO93,0.0,234.4074395,jardin,12.0,jardin.shp,jardin,234.4074395002185
3831448.0,122.152987621636,MO93,0.0,191.910662,jardin,12.0,jardin.shp,jardin,191.91066199433956
136852029.0,30.9328453789779,MO93,0.0,35.799256,jardin,12.0,jardin.shp,jardin,35.7992560001873
3825314.0,887.633585289753,MO93,0.0,4389.7406555,jardin,12.0,jardin.shp,jardin,4012.4279491924453
3847335.0,439.249869905388,MO93,0.0,1531.022843,jardin,12.0,jardin.shp,jardin,1531.0228430023217
3842212.0,551.069159755291,MO93,0.0,2226.021978,jardin,12.0,jardin.shp,jardin,430.962835127645
3825333.0,929.912874483752,MO93,0.0,7897.8083505,jardin,12.0,jardin.shp,jardin,7897.808350514154
3845783.0,29.2480455487582,MO93,0.0,24.307274,jardin,12.0,jardin.shp,jardin,24.307273999817987
3825317.0,1599.5766806721,MO93,0.0,8623.8507795,jardin,12.0,jardin.shp,jardin,8623.850779521576
3825179.0,1070.31663745829,MO93,0.0,8913.393773,jardin,12.0,jardin.shp,jardin,8300.366957320315
3841148.0,443.760210639809,MO93,0.0,1591.7938965,jardin,12.0,jardin.shp,jardin,1591.793896496041
3842182.0,247.294728992371,MO93,0.0,1140.1301425,jardin,12.0,jardin.shp,jardin,811.8568526984901
3841001.0,538.954988279705,MO93,0.0,5851.8694205,jardin,12.0,jardin.shp,jardin,5851.869420502583
3842183.0,57.2169450447197,MO93,0.0,120.86325,jardin,12.0,jardin.shp,jardin,120.8632500012191
3828997.0,117.261078438155,MO93,0.0,210.10043,jardin,12.0,jardin.shp,jardin,210.1004300007994
3840337.0,101.3764305126,MO93,0.0,480.5191925,jardin,12.0,jardin.shp,jardin,480.519192502201
3840908.0,1642.26866698819,MO93,0.0,11981.285904,jardin,12.0,jardin.shp,jardin,11981.285903985561
144944077.0,49.0033600120841,MO93,0.0,39.1453235,jardin,12.0,jardin.shp,jardin,39.14532350092003
146212576.0,812.888971297437,MO93,0.0,6004.582648,jardin,12.0,jardin.shp,jardin,6004.582647980403
3841063.0,853.098542680756,MO93,0.0,3639.7516065,jardin,12.0,jardin.shp,jardin,3639.751606501399
133593911.0,20.8045511960517,MO93,0.0,19.1203525,jardin,12.0,jardin.shp,jardin,19.120352499762124
3841167.0,71.4632152412788,MO93,0.0,290.478502,jardin,12.0,jardin.shp,jardin,290.4785020019254
133593910.0,16.615640095116,MO93,0.0,12.51645,jardin,12.0,jardin.shp,jardin,12.516450000844383
133593909.0,48.8953808596964,MO93,0.0,72.70185,jardin,12.0,jardin.shp,jardin,72.70185000084047
133593912.0,110.240825301719,MO93,0.0,257.241937,jardin,12.0,jardin.shp,jardin,257.2419370004928
94078951.0,899.822307393025,MO93,0.0,3044.493246,jardin,12.0,jardin.shp,jardin,3044.493246007291
3843954.0,145.76992505085,MO93,0.0,366.212473,jardin,12.0,jardin.shp,jardin,366.21247299415637
3841190.0,70.936261620254,MO93,0.0,106.318818,jardin,12.0,jardin.shp,jardin,106.31881800011114
3844431.0,54.430647586858,MO93,0.0,87.8728375,jardin,12.0,jardin.shp,jardin,87.87283750281162
150625366.0,2841.34415411115,MO93,0.0,15887.272422,jardin,12.0,jardin.shp,jardin,15887.272422001024
3843547.0,1726.39473482506,MO93,0.0,21350.651556,jardin,12.0,jardin.shp,jardin,8509.74663360329
3826793.0,75.2661397402745,MO93,0.0,227.3682135,jardin,12.0,jardin.shp,jardin,227.3682135015879
3830450.0,39.7748508467764,MO93,0.0,99.430563,jardin,12.0,jardin.shp,jardin,99.43056300148993
3850488.0,918.330505990652,MO93,0.0,3382.9289035,jardin,12.0,jardin.shp,jardin,3382.928903483548
137871419.0,588.943200644653,MO93,0.0,3201.443008,jardin,12.0,jardin.shp,jardin,3201.443008006104
3831668.0,173.978607926485,MO93,0.0,579.86836,jardin,12.0,jardin.shp,jardin,579.8683599889312
3850489.0,117.96509517962,MO93,0.0,323.787396,jardin,12.0,jardin.shp,jardin,323.7873960007568
3836053.0,36.782057578007,MO93,0.0,76.503184,jardin,12.0,jardin.shp,jardin,76.50318399866728
147463118.0,94.4714777183017,MO93,0.0,151.2128015,jardin,12.0,jardin.shp,jardin,64.11205562417163
3845944.0,733.271212016462,MO93,0.0,3032.5399565,jardin,12.0,jardin.shp,jardin,424.0344523794501
3850482.0,556.655212852537,MO93,0.0,2924.9926745,jardin,12.0,jardin.shp,jardin,2924.9926744957147
3845940.0,532.543585306279,MO93,0.0,2868.3607035,jardin,12.0,jardin.shp,jardin,2572.292656181139
139656753.0,99.9325440383861,MO93,0.0,424.3637775,jardin,12.0,jardin.shp,jardin,424.3637775022751
97158734.0,315.166491208326,MO93,0.0,1005.103146,jardin,12.0,jardin.shp,jardin,380.01687818737014
137871434.0,83.8863941131505,MO93,0.0,203.1016765,jardin,12.0,jardin.shp,jardin,203.10167649976603
97158732.0,716.038478177185,MO93,0.0,4139.4393415,jardin,12.0,jardin.shp,jardin,451.30960197268763
75053956.0,27.1191911591188,MO93,0.0,25.30782,jardin,12.0,jardin.shp,jardin,25.307820000327258
75053957.0,11.1159091046172,MO93,0.0,7.407785,jardin,12.0,jardin.shp,jardin,7.4077850003131065
75053948.0,951.724991674064,MO93,0.0,4305.403019,jardin,12.0,jardin.shp,jardin,1637.880016496265
75053958.0,26.6395086006496,MO93,0.0,25.218745,jardin,12.0,jardin.shp,jardin,25.21874499894853
3850493.0,196.10349111696,MO93,0.0,1202.823181,jardin,12.0,jardin.shp,jardin,1202.8231810018062
3824500.0,757.205268307937,MO93,0.0,4464.2828155,jardin,12.0,jardin.shp,jardin,15.202481997674228
3843066.0,412.787416458117,MO93,0.0,2160.4033,jardin,12.0,jardin.shp,jardin,930.2270470710098
92867714.0,18.2481895429007,MO93,0.0,13.530025,jardin,12.0,jardin.shp,jardin,13.530024999560695
83901137.0,937.422031935165,MO93,0.0,6909.3737755,jardin,12.0,jardin.shp,jardin,6909.373775498489
83901833.0,108.985385189452,MO93,0.0,440.2607905,jardin,12.0,jardin.shp,jardin,440.26079050442826
83901832.0,48.2914405156959,MO93,0.0,60.769703,jardin,12.0,jardin.shp,jardin,60.76970299699249
83901101.0,24.943759973791,MO93,0.0,36.7037695,jardin,12.0,jardin.shp,jardin,36.70376949910161
83901153.0,88.2086002162831,MO93,0.0,145.248913,jardin,12.0,jardin.shp,jardin,145.24891300133703
83901118.0,72.5826198051768,MO93,0.0,96.7594855,jardin,12.0,jardin.shp,jardin,96.75948550110601
83901115.0,74.0607263127284,MO93,0.0,212.3328265,jardin,12.0,jardin.shp,jardin,212.33282649695073
138277346.0,76.5707714562496,MO93,0.0,222.002457,jardin,12.0,jardin.shp,jardin,222.00245700074015
138271059.0,53.8058531173417,MO93,0.0,178.860502,jardin,12.0,jardin.shp,jardin,178.8605020006187
140420671.0,40.3049493934198,MO93,0.0,29.1638365,jardin,12.0,jardin.shp,jardin,29.163836499942676
90082307.0,58.1933094981744,MO93,0.0,151.883062,jardin,12.0,jardin.shp,jardin,151.88306199839366
138277338.0,43.1623007497067,MO93,0.0,32.9145335,jardin,12.0,jardin.shp,jardin,32.91453349973705
138277339.0,11.5544399075642,MO93,0.0,7.7084865,jardin,12.0,jardin.shp,jardin,7.708486500246448
138270398.0,127.85182211082,MO93,0.0,305.054804,jardin,12.0,jardin.shp,jardin,305.05480399978717
90082312.0,70.1758890837255,MO93,0.0,211.409111,jardin,12.0,jardin.shp,jardin,211.4091109998485
90081765.0,173.166918142136,MO93,0.0,1115.6935785,jardin,12.0,jardin.shp,jardin,1115.6935784992236
138424742.0,49.3252893131015,MO93,0.0,96.262002,jardin,12.0,jardin.shp,jardin,96.26200199857554
90081763.0,128.95684251264,MO93,0.0,348.5578675,jardin,12.0,jardin.shp,jardin,348.5578674991536
138424741.0,61.3455287550197,MO93,0.0,135.2189725,jardin,12.0,jardin.shp,jardin,135.2189724977989
83901130.0,77.9596564016482,MO93,0.0,98.455271,jardin,12.0,jardin.shp,jardin,98.45527099927536
83901154.0,276.011131852501,MO93,0.0,1522.713229,jardin,12.0,jardin.shp,jardin,1522.7132290032148
83901872.0,108.041442606245,MO93,0.0,226.2676545,jardin,12.0,jardin.shp,jardin,226.26765449487868
3849631.0,2.03755490494718,MO93,0.0,0.088531,jardin,12.0,jardin.shp,jardin,0.08853099986930005
3825814.0,26.6951781340707,MO93,0.0,10.26365,jardin,12.0,jardin.shp,jardin,10.263649999215174
3840374.0,2.29481776377646,MO93,0.0,0.225,jardin,12.0,jardin.shp,jardin,0.22499999995459802
3840328.0,6.95103454402925,MO93,0.0,2.1136,jardin,12.0,jardin.shp,jardin,2.113600000002049
74329795.0,61.4593870695312,MO93,0.0,53.8418345,jardin,12.0,jardin.shp,jardin,53.84183449331181
3840654.0,17.3425645828267,NP,2.0,13.24005,jardin,12.0,jardin.shp,jardin,13.240049998433143
3828967.0,8.49555281293963,NP,2.0,3.2803,jardin,12.0,jardin.shp,jardin,3.2802999990296553
138271060.0,37.1666599122427,MO93,0.0,53.7037,jardin,12.0,jardin.shp,jardin,53.70370000175556
138277362.0,83.8116456217126,MO93,0.0,158.112175,jardin,12.0,jardin.shp,jardin,158.11217499794617
138271058.0,40.1865593065721,MO93,0.0,75.015274,jardin,12.0,jardin.shp,jardin,75.01527399804196
138277347.0,99.7406508739516,MO93,0.0,166.961837,jardin,12.0,jardin.shp,jardin,166.96183700207894
138271061.0,32.6693149230877,MO93,0.0,53.7245045,jardin,12.0,jardin.shp,jardin,53.724504500655385
138277175.0,37.672868213444,MO93,0.0,55.543415,jardin,12.0,jardin.shp,jardin,55.54341499931718
138289426.0,32.4852924971599,MO93,0.0,31.354685,jardin,12.0,jardin.shp,jardin,31.354684997518955
138277119.0,381.538387117298,MO93,0.0,1551.501847,jardin,12.0,jardin.shp,jardin,1551.5018470055613
138277170.0,39.9803671912992,MO93,0.0,40.0973,jardin,12.0,jardin.shp,jardin,40.09730000127938
138277149.0,60.8792493178125,MO93,0.0,98.560017,jardin,12.0,jardin.shp,jardin,98.56001700066777
138270432.0,24.5611538379045,MO93,0.0,12.49908,jardin,12.0,jardin.shp,jardin,12.49907999974101
138277131.0,31.7605692189919,MO93,0.0,66.210594,jardin,12.0,jardin.shp,jardin,66.21059399995042
139626909.0,16.476009709921,MO93,0.0,19.664634,jardin,12.0,jardin.shp,jardin,19.664634000375713
138277138.0,88.8550259396393,MO93,0.0,151.699385,jardin,12.0,jardin.shp,jardin,151.6993849993563
138277120.0,38.6791545671209,MO93,0.0,23.225513,jardin,12.0,jardin.shp,jardin,23.225513000683314
138277222.0,51.9773354573154,MO93,0.0,153.658116,jardin,12.0,jardin.shp,jardin,153.65811599961296
138277230.0,16.5705181843005,MO93,0.0,7.7648895,jardin,12.0,jardin.shp,jardin,7.764889500789625
138277221.0,46.5559627340704,MO93,0.0,23.05442,jardin,12.0,jardin.shp,jardin,23.054420001848186
138277168.0,330.958871234269,MO93,0.0,2064.2401205,jardin,12.0,jardin.shp,jardin,2064.2401205011606
138288669.0,110.807025326278,MO93,0.0,297.3238365,jardin,12.0,jardin.shp,jardin,297.3238364966601
138289420.0,102.968554272163,MO93,0.0,257.3524,jardin,12.0,jardin.shp,jardin,257.3524000004866
138288657.0,146.016492963101,MO93,0.0,361.1429735,jardin,12.0,jardin.shp,jardin,361.1429735063745
138277165.0,365.504416448414,MO93,0.0,851.7936885,jardin,12.0,jardin.shp,jardin,851.7936885055487
138277134.0,105.175198962942,MO93,0.0,287.2600325,jardin,12.0,jardin.shp,jardin,287.2600325021403
138277215.0,28.8780496547103,MO93,0.0,49.1652555,jardin,12.0,jardin.shp,jardin,49.16525549967511
138288658.0,398.117558753269,MO93,0.0,2778.0568395,jardin,12.0,jardin.shp,jardin,2778.0568395017135
138277208.0,43.7953478842339,MO93,0.0,62.562588,jardin,12.0,jardin.shp,jardin,62.56258799965632
138289424.0,126.589063127334,MO93,0.0,314.8956795,jardin,12.0,jardin.shp,jardin,314.89567949730866
138277161.0,65.8463316184565,MO93,0.0,106.2175175,jardin,12.0,jardin.shp,jardin,106.21751750021967
138277173.0,78.3136578512189,MO93,0.0,162.9120315,jardin,12.0,jardin.shp,jardin,162.9120314979124
3828975.0,6.26607744623192,NP,2.0,2.1941,jardin,12.0,jardin.shp,jardin,2.1941000002160203
146447120.0,22.4258074922472,MO93,0.0,26.58553,jardin,12.0,jardin.shp,jardin,26.585530000623812
146447121.0,429.045046224322,MO93,0.0,1222.2925195,jardin,12.0,jardin.shp,jardin,1222.2925194980214
3843968.0,128.203320591964,NP,2.0,77.4017115,jardin,12.0,jardin.shp,jardin,77.4017115042437
3842398.0,30.9304811065141,NP,2.0,2.9416135,jardin,12.0,jardin.shp,jardin,2.941613500181909
3842445.0,77.4167238807608,NP,2.0,60.848102,jardin,12.0,jardin.shp,jardin,60.8481020012117
3839844.0,544.933096857824,NP,2.0,2894.6382495,jardin,12.0,jardin.shp,jardin,2894.638249500266
3834150.0,25.5063802538287,NP,2.0,31.92255,jardin,12.0,jardin.shp,jardin,31.92254999935166
3849502.0,21.9456802403163,NP,2.0,20.780279,jardin,12.0,jardin.shp,jardin,20.780278998612758
3828974.0,88.5084276294666,NP,2.0,60.79997,jardin,12.0,jardin.shp,jardin,60.799970007532494
3841131.0,12.1762487670602,NP,2.0,1.176,jardin,12.0,jardin.shp,jardin,1.1760000012218956
3844271.0,124.686413824907,NP,2.0,128.500258,jardin,12.0,jardin.shp,jardin,128.50025799496385
3826818.0,16.1911317051879,NP,2.0,16.373,jardin,12.0,jardin.shp,jardin,16.372999999289636
3840353.0,8.71988585731097,NP,2.0,0.9453,jardin,12.0,jardin.shp,jardin,0.9453000001891521
140082357.0,56.0960052101412,NP,2.0,84.8896205,jardin,12.0,jardin.shp,jardin,84.8896205004898
81130340.0,24.1291185812315,NP,2.0,24.914763,jardin,12.0,jardin.shp,jardin,24.914762999347683
81130334.0,33.3087928545144,NP,2.0,27.567601,jardin,12.0,jardin.shp,jardin,27.567601001230564
3827027.0,9.41791585064732,NP,2.0,1.067885,jardin,12.0,jardin.shp,jardin,1.0678849998726603
81130331.0,153.016252905271,NP,2.0,540.153515,jardin,12.0,jardin.shp,jardin,540.1535149952177
81130335.0,31.495988987213,NP,2.0,14.5242375,jardin,12.0,jardin.shp,jardin,14.524237500707198
138277282.0,60.9238803156864,MO93,0.0,100.2422285,jardin,12.0,jardin.shp,jardin,100.24222850018417
3836763.0,25.8298589105718,MO93,0.0,37.477448,jardin,12.0,jardin.shp,jardin,37.477448000110314
3826774.0,13.4913449368326,MO93,0.0,10.7139755,jardin,12.0,jardin.shp,jardin,10.713975499817927
3840851.0,176.970227679701,MO93,0.0,376.6199345,jardin,12.0,jardin.shp,jardin,376.61993449959306
3844523.0,20.1984384414629,MO93,0.0,28.1618535,jardin,12.0,jardin.shp,jardin,28.16185350035931
3831043.0,153.461128967647,MO93,0.0,732.6998955,jardin,12.0,jardin.shp,jardin,732.6998955005099
3840400.0,16.441837778539,MO93,0.0,11.2186205,jardin,12.0,jardin.shp,jardin,11.218620501300514
3826775.0,55.9728370839959,MO93,0.0,121.853641,jardin,12.0,jardin.shp,jardin,121.85364099866437
138906900.0,62.2342157383147,MO93,0.0,78.943285,jardin,12.0,jardin.shp,jardin,78.94328499614414
3833676.0,50.8359401456761,MO93,0.0,118.3103935,jardin,12.0,jardin.shp,jardin,118.31039349953478
3842785.0,5.39888526709529,NP,2.0,1.2184,jardin,12.0,jardin.shp,jardin,1.2183999999178574
3841133.0,559.294783713298,NP,2.0,1535.8039135,jardin,12.0,jardin.shp,jardin,1535.8039134885075
147865423.0,7.84313698704701,MO93,0.0,3.3343,jardin,12.0,jardin.shp,jardin,3.3343000003444496
147865425.0,12.8583575071619,MO93,0.0,9.17003,jardin,12.0,jardin.shp,jardin,9.170030000544878
147865424.0,8.5814127783438,MO93,0.0,4.31525,jardin,12.0,jardin.shp,jardin,4.315249999835157
81130333.0,9.18908487998426,NP,2.0,5.664592,jardin,12.0,jardin.shp,jardin,5.66459200033575
81130339.0,17.2770827720417,NP,2.0,4.7684705,jardin,12.0,jardin.shp,jardin,4.768470499785671
81913738.0,57.505921986503,NP,2.0,150.1566025,jardin,12.0,jardin.shp,jardin,150.15660250061833
147865429.0,33.8621648921349,MO93,0.0,24.870812,jardin,12.0,jardin.shp,jardin,24.870811996963372
81913735.0,25.2661942129428,NP,2.0,11.4638595,jardin,12.0,jardin.shp,jardin,11.463859499484794
3840382.0,119.917438143199,MO93,0.0,337.6361355,jardin,12.0,jardin.shp,jardin,337.6361355022178
37637372.0,134.69207164779,MO93,0.0,545.4615425,vigne,10.0,vigne.shp,vigne,545.4615425001347
3840863.0,650.212718238414,MO93,0.0,3689.807543,jardin,12.0,jardin.shp,jardin,3689.8075430058243
3846592.0,422.69335899323,MO93,0.0,2719.358592,jardin,12.0,jardin.shp,jardin,2719.358591994906
3846593.0,146.546184907387,MO93,0.0,210.021351,jardin,12.0,jardin.shp,jardin,210.0213509968802
67544074.0,45.8515751436835,MO93,0.0,16.516626,jardin,12.0,jardin.shp,jardin,16.51662599974933
67544073.0,96.4872592898087,MO93,0.0,47.513346,jardin,12.0,jardin.shp,jardin,47.51334599557019
67544082.0,44.6973818526978,MO93,0.0,51.582617,jardin,12.0,jardin.shp,jardin,51.58261699873311
67544072.0,33.6736959387654,MO93,0.0,57.489252,jardin,12.0,jardin.shp,jardin,57.48925200013173
3824613.0,337.969691851749,MO93,0.0,2169.7361125,foret,18.0,MOVD_CAD_TPR_CSBOIS_S.shp,foret,2169.736112504844
3833895.0,53.0010981513163,MO93,0.0,179.06945,jardin,12.0,jardin.shp,jardin,179.06945000100012
3841060.0,342.788575443505,MO93,0.0,963.5656605,jardin,12.0,jardin.shp,jardin,963.5656605099302
3844158.0,32.0595676668523,MO93,0.0,61.777955,jardin,12.0,jardin.shp,jardin,61.777954998878606
3840759.0,226.942545065748,MO93,0.0,507.6663685,jardin,12.0,jardin.shp,jardin,507.6663685007885
3842360.0,53.6900703582548,MO93,0.0,71.8097505,jardin,12.0,jardin.shp,jardin,71.80975050064708
133480705.0,99.4862093995649,MO93,0.0,184.662621,jardin,12.0,jardin.shp,jardin,184.6626209961968
3843778.0,244.870781474809,MO93,0.0,822.0634945,jardin,12.0,jardin.shp,jardin,822.0634944985366
133480706.0,28.8354915410038,MO93,0.0,33.017645,jardin,12.0,jardin.shp,jardin,33.01764499902705
3846238.0,859.355350922054,MO93,0.0,5533.8759505,jardin,12.0,jardin.shp,jardin,5533.875950489099
3823553.0,440.473562295258,MO93,0.0,2760.0937905,foret,18.0,MOVD_CAD_TPR_CSBOIS_S.shp,foret,2760.0937905036326
3825715.0,389.091532820983,MO93,0.0,1392.220728,jardin,12.0,jardin.shp,jardin,1392.220727992417
133480662.0,51.4502255666115,MO93,0.0,138.061652,jardin,12.0,jardin.shp,jardin,138.06165199939764
133480716.0,59.8368189985071,MO93,0.0,229.8568985,jardin,12.0,jardin.shp,jardin,229.85689850094434
133480661.0,16.6003152414591,MO93,0.0,16.8018745,jardin,12.0,jardin.shp,jardin,16.80187449998762
133480715.0,45.1589814599083,MO93,0.0,54.932264,jardin,12.0,jardin.shp,jardin,54.93226399995931
3843386.0,31.6503360880021,NP,2.0,48.63225,jardin,12.0,jardin.shp,jardin,48.632250001518756
3846594.0,176.614479788925,MO93,0.0,1012.287977,jardin,12.0,jardin.shp,jardin,1012.287977001151
92114581.0,132.770744807864,NP,2.0,380.3683825,jardin,12.0,jardin.shp,jardin,380.3683824987491
92114573.0,63.2989900077655,NP,2.0,74.18172,jardin,12.0,jardin.shp,jardin,74.1817199980325
92114575.0,94.2059159362515,NP,2.0,302.504057,jardin,12.0,jardin.shp,jardin,302.5040570032527
3847410.0,19.1255339520788,MO93,0.0,16.333612,jardin,12.0,jardin.shp,jardin,16.33361200045104
3823632.0,1578.35144425597,MO93,0.0,33180.2731525,jardin,12.0,jardin.shp,jardin,33180.273152508045
3823543.0,123.243525471678,MO93,0.0,331.822394,jardin,12.0,jardin.shp,jardin,331.82239399732464
3823546.0,15.3523063929924,MO93,0.0,4.451185,jardin,12.0,jardin.shp,jardin,4.451184999889051
3823534.0,62.4103023112548,MO93,0.0,190.894955,jardin,12.0,jardin.shp,jardin,190.89495499883992
60479883.0,108.861331426057,MO93,0.0,190.034017,jardin,12.0,jardin.shp,jardin,190.03401699839577
3831282.0,206.50107335463,MO93,0.0,714.44365,jardin,12.0,jardin.shp,jardin,714.4436500116747
3823533.0,663.806063594222,MO93,0.0,3681.7116195,jardin,12.0,jardin.shp,jardin,3681.711619498634
3849246.0,205.145312880911,MO93,0.0,479.9685425,jardin,12.0,jardin.shp,jardin,479.9685425022513
3842535.0,526.431536465874,MO93,0.0,3278.780639,jardin,12.0,jardin.shp,jardin,3278.780639005492
67544084.0,103.171107045206,MO93,0.0,9.4658,jardin,12.0,jardin.shp,jardin,9.465800000264922
74329787.0,60.5416133538843,MO93,0.0,229.2811125,jardin,12.0,jardin.shp,jardin,229.2811124983605
74329785.0,72.9802491784582,MO93,0.0,224.8001815,jardin,12.0,jardin.shp,jardin,224.80018150377748
3822951.0,43.5684204119557,MO93,0.0,92.1822,jardin,12.0,jardin.shp,jardin,92.18219999947907
3822798.0,140.903734859891,MO93,0.0,47.88009,jardin,12.0,jardin.shp,jardin,47.88008999953323
3822757.0,64.2978305530714,MO93,0.0,189.07265,jardin,12.0,jardin.shp,jardin,189.07264999931925
3840864.0,90.0563012229261,MO93,0.0,495.411,jardin,12.0,jardin.shp,jardin,495.4110000031889
138288646.0,31.9658217595611,MO93,0.0,61.3449125,jardin,12.0,jardin.shp,jardin,61.344912499300406
83258723.0,28.4113246097735,NP,2.0,47.115706,jardin,12.0,jardin.shp,jardin,47.11570599837837
3830657.0,119.705775788838,NP,2.0,239.355944,jardin,12.0,jardin.shp,jardin,239.355943999771
3824654.0,119.251414810628,MO93,0.0,654.685673,foret,18.0,MOVD_CAD_TPR_CSBOIS_S.shp,foret,654.6856729960145
94729186.0,97.5447745598806,MO93,0.0,446.5743905,jardin,12.0,jardin.shp,jardin,446.5743904987962
133480320.0,54.0296014485103,MO93,0.0,44.5217925,jardin,12.0,jardin.shp,jardin,44.52179250201198
133480292.0,17.0115944070188,MO93,0.0,16.7953075,jardin,12.0,jardin.shp,jardin,16.79530749900196
133480204.0,16.518701682057,MO93,0.0,15.693285,jardin,12.0,jardin.shp,jardin,15.693284999139523
133480237.0,29.2001458881898,MO93,0.0,34.272525,jardin,12.0,jardin.shp,jardin,34.272525001479686
133480252.0,43.90123262579,MO93,0.0,55.958165,jardin,12.0,jardin.shp,jardin,55.95816500229276
133468729.0,78.1770557675109,MO93,0.0,253.6504715,jardin,12.0,jardin.shp,jardin,253.6504715002037
92114572.0,363.668404145482,NP,2.0,955.7048525,jardin,12.0,jardin.shp,jardin,955.7048525057759
133468728.0,63.1818870004449,MO93,0.0,159.833307,jardin,12.0,jardin.shp,jardin,159.8333070004848
92114611.0,55.4717448579932,NP,2.0,131.026772,jardin,12.0,jardin.shp,jardin,131.02677199790418
92114547.0,63.3353271432659,NP,2.0,86.722583,jardin,12.0,jardin.shp,jardin,86.72258300114757
3829020.0,25.4215503299964,NP,2.0,27.120335,jardin,12.0,jardin.shp,jardin,27.120334999891888
92114545.0,9.25836154465419,NP,2.0,5.35725,jardin,12.0,jardin.shp,jardin,5.357249999982072
3842440.0,91.7634680245931,NP,2.0,146.63685,jardin,12.0,jardin.shp,jardin,146.6368500030809
3843019.0,7.9449126477568,NP,2.0,3.3217,jardin,12.0,jardin.shp,jardin,3.321700000155671
87452482.0,14.5514308109706,NP,2.0,9.7157665,jardin,12.0,jardin.shp,jardin,9.715766499814837
142892227.0,234.474146010496,NP,2.0,534.742465,jardin,12.0,jardin.shp,jardin,534.7424650012717
3830561.0,21.0117428368194,NP,2.0,21.2726,jardin,12.0,jardin.shp,jardin,21.272599999494943
3830562.0,68.4606787427314,NP,2.0,283.615285,jardin,12.0,jardin.shp,jardin,283.61528499991346
3842787.0,12.6805825076726,NP,2.0,7.2955,jardin,12.0,jardin.shp,jardin,7.29549999904167
3849496.0,14.5658827451166,NP,2.0,8.2942,jardin,12.0,jardin.shp,jardin,8.294200000261608
3842296.0,349.355206487372,NP,2.0,1737.4835115,jardin,12.0,jardin.shp,jardin,1737.4835114927969
3842430.0,212.629170415278,NP,2.0,324.02284,jardin,12.0,jardin.shp,jardin,324.0228400014199
3842399.0,67.9797691192868,NP,2.0,187.363525,jardin,12.0,jardin.shp,jardin,187.36352500313816
3849501.0,138.003425685053,NP,2.0,548.510355,jardin,12.0,jardin.shp,jardin,548.5103549906212
3842297.0,98.8123085629023,NP,2.0,200.96095,jardin,12.0,jardin.shp,jardin,200.96095000781906
3842942.0,99.6351662067056,NP,2.0,98.97014,jardin,12.0,jardin.shp,jardin,98.97014000109608
3827028.0,5.41307647238036,NP,2.0,1.6308,jardin,12.0,jardin.shp,jardin,1.6307999994659796
3834146.0,102.254165299723,NP,2.0,274.107775,jardin,12.0,jardin.shp,jardin,274.10777499711645
87452491.0,26.7084029850742,NP,2.0,21.6303525,jardin,12.0,jardin.shp,jardin,21.63035249999437
3827033.0,20.1798831945456,NP,2.0,12.61925,jardin,12.0,jardin.shp,jardin,12.619249999867053
87452478.0,85.7226849005716,MO93,0.0,110.518861,jardin,12.0,jardin.shp,jardin,110.5188609999962
3828918.0,17.327744668449,NP,2.0,18.6394,jardin,12.0,jardin.shp,jardin,18.639399999954644
87452488.0,65.7769444581845,NP,2.0,52.32425,jardin,12.0,jardin.shp,jardin,52.324249998815816
87452483.0,64.3110529229429,NP,2.0,56.995885,jardin,12.0,jardin.shp,jardin,56.99588499850711
3842940.0,199.072275793265,NP,2.0,596.034475,jardin,12.0,jardin.shp,jardin,596.0344749970294
87452616.0,33.9463166533671,NP,2.0,55.87291,jardin,12.0,jardin.shp,jardin,55.87291000199042
3839486.0,25.6442261819999,NP,2.0,29.99895,jardin,12.0,jardin.shp,jardin,29.998950000365912
87452485.0,12.7895906653863,NP,2.0,8.899477,jardin,12.0,jardin.shp,jardin,8.899477000191531
3849614.0,81.0121974919912,NP,2.0,87.874041,jardin,12.0,jardin.shp,jardin,87.8740410005847
87452486.0,12.4183671228758,NP,2.0,7.886646,jardin,12.0,jardin.shp,jardin,7.8866459995845295
87452489.0,12.6012904894255,NP,2.0,8.151092,jardin,12.0,jardin.shp,jardin,8.15109200039908
87452492.0,12.7952583657762,NP,2.0,8.4090045,jardin,12.0,jardin.shp,jardin,8.409004500332793
87452490.0,8.85391443712269,NP,2.0,4.5595,jardin,12.0,jardin.shp,jardin,4.5595000004379544
87452624.0,45.1417668444818,NP,2.0,31.9099,jardin,12.0,jardin.shp,jardin,31.909899998063835
87452493.0,12.5527639494076,NP,2.0,7.7138145,jardin,12.0,jardin.shp,jardin,7.713814500580055
3839964.0,321.451482098895,NP,2.0,1233.024263,jardin,12.0,jardin.shp,jardin,1233.02426299838
87452615.0,12.8264380188502,NP,2.0,9.905801,jardin,12.0,jardin.shp,jardin,9.905800999964097
3839679.0,99.6933163324921,NP,2.0,117.2262,jardin,12.0,jardin.shp,jardin,117.22620000228515
90081795.0,37.4925117772616,MO93,0.0,54.335185,jardin,12.0,jardin.shp,jardin,54.335185001138996
90081803.0,65.8803307876487,MO93,0.0,268.5338175,jardin,12.0,jardin.shp,jardin,268.5338175020334
90081824.0,281.531610685267,MO93,0.0,4238.896372,jardin,12.0,jardin.shp,jardin,4238.896372001669
90081799.0,207.815002700917,MO93,0.0,607.4421735,jardin,12.0,jardin.shp,jardin,607.4421735001241
90081797.0,37.6370695015584,MO93,0.0,54.800825,jardin,12.0,jardin.shp,jardin,54.80082499776322
90081820.0,54.4535810484891,MO93,0.0,111.9089585,jardin,12.0,jardin.shp,jardin,111.90895849865659
90081819.0,104.36887380329,MO93,0.0,612.0006,jardin,12.0,jardin.shp,jardin,612.000599998386
3830318.0,94.1603110606136,MO93,0.0,334.8796015,jardin,12.0,jardin.shp,jardin,334.87960149254627
90081812.0,103.533987876126,MO93,0.0,198.519647,jardin,12.0,jardin.shp,jardin,198.51964699425898
90081822.0,53.5518448790232,MO93,0.0,76.98254,jardin,12.0,jardin.shp,jardin,76.9825400009626
90081766.0,303.015229458861,MO93,0.0,2527.7337595,jardin,12.0,jardin.shp,jardin,2527.733759498191
138277266.0,50.773648704358,MO93,0.0,139.2080295,jardin,12.0,jardin.shp,jardin,139.20802949981828
90081770.0,312.137692020053,MO93,0.0,1165.401531,jardin,12.0,jardin.shp,jardin,1165.401530998763
138271029.0,13.7658829429767,MO93,0.0,10.124678,jardin,12.0,jardin.shp,jardin,10.1246780005523
138277288.0,92.4777615673066,MO93,0.0,341.08672,jardin,12.0,jardin.shp,jardin,341.08672000163006
138277388.0,80.3928662069498,MO93,0.0,379.262622,jardin,12.0,jardin.shp,jardin,379.26262199798316
138288678.0,107.650701235975,MO93,0.0,638.0083115,jardin,12.0,jardin.shp,jardin,638.0083114995069
90081768.0,208.816444843248,MO93,0.0,1449.2368925,jardin,12.0,jardin.shp,jardin,1449.2368924961927
138271013.0,140.177152885131,MO93,0.0,288.7078285,jardin,12.0,jardin.shp,jardin,288.7078284989042
138424747.0,10.2846784383944,MO93,0.0,3.1824245,jardin,12.0,jardin.shp,jardin,3.182424499806097
3841016.0,32.2690404955123,MO93,0.0,42.7165255,jardin,12.0,jardin.shp,jardin,42.71652550010965
90081814.0,114.922158033346,MO93,0.0,264.2596335,jardin,12.0,jardin.shp,jardin,264.25963349702647
133528285.0,61.8578711254156,MO93,0.0,138.322606,jardin,12.0,jardin.shp,jardin,138.3226060000444
3829303.0,65.0623597709766,MO93,0.0,107.6833,jardin,12.0,jardin.shp,jardin,107.68329999868018
3841137.0,20.1096057484617,MO93,0.0,21.663321,jardin,12.0,jardin.shp,jardin,21.663321000293823
90081815.0,70.9698187797915,MO93,0.0,107.706664,jardin,12.0,jardin.shp,jardin,107.70666399969672
3841011.0,15.8981865006167,MO93,0.0,9.946056,jardin,12.0,jardin.shp,jardin,9.946055999739194
90081809.0,155.46257059118,MO93,0.0,280.283279,jardin,12.0,jardin.shp,jardin,280.28327900628807
90081817.0,24.0996524988578,MO93,0.0,20.698022,jardin,12.0,jardin.shp,jardin,20.698021998701613
90081813.0,288.337534810084,MO93,0.0,1175.439541,jardin,12.0,jardin.shp,jardin,1175.4395410039315
90082315.0,85.9214212383296,MO93,0.0,252.5296245,jardin,12.0,jardin.shp,jardin,252.52962449979412
90081772.0,20.2010685911437,MO93,0.0,24.9028915,jardin,12.0,jardin.shp,jardin,24.90289150175408
90081775.0,116.734015408373,MO93,0.0,460.160712,jardin,12.0,jardin.shp,jardin,460.1607120024665
90081771.0,38.5350342302368,MO93,0.0,47.446277,jardin,12.0,jardin.shp,jardin,47.446276999459734
90081773.0,40.3929059965554,MO93,0.0,46.168363,jardin,12.0,jardin.shp,jardin,46.168362999574875
90081774.0,227.31117615354,MO93,0.0,684.714602,jardin,12.0,jardin.shp,jardin,684.7146019982625
3840859.0,198.001700912914,MO93,0.0,1643.748757,jardin,12.0,jardin.shp,jardin,1643.7487569984853
3848967.0,152.913450286006,MO93,0.0,497.549394,jardin,12.0,jardin.shp,jardin,497.5493939981776
142443035.0,54.1524592838098,MO93,0.0,166.729469,jardin,12.0,jardin.shp,jardin,166.7294690013349
3828790.0,36.8450611243463,MO93,0.0,56.3159,jardin,12.0,jardin.shp,jardin,56.315899997891066
138271003.0,134.767472849401,MO93,0.0,233.694278,jardin,12.0,jardin.shp,jardin,233.69427799717369
138424748.0,13.0305246013282,MO93,0.0,10.873884,jardin,12.0,jardin.shp,jardin,10.873883999952078
138424746.0,8.91817356313624,MO93,0.0,5.06157,jardin,12.0,jardin.shp,jardin,5.061570000312472
3840405.0,232.591567639335,MO93,0.0,362.948912,jardin,12.0,jardin.shp,jardin,362.94891200520505
138424749.0,46.8269899110904,MO93,0.0,41.5787585,jardin,12.0,jardin.shp,jardin,41.57875850192399
3831490.0,46.9324757686686,MO93,0.0,72.821797,jardin,12.0,jardin.shp,jardin,72.82179700076628
3840401.0,161.732569672724,MO93,0.0,538.081173,jardin,12.0,jardin.shp,jardin,538.081172994456
3840403.0,102.171178461323,MO93,0.0,478.8533155,jardin,12.0,jardin.shp,jardin,478.85331549800645
138424753.0,8.55518634684482,MO93,0.0,4.08108,jardin,12.0,jardin.shp,jardin,4.08107999932168
3840768.0,36.2628800784015,MO93,0.0,58.57355,jardin,12.0,jardin.shp,jardin,58.57355000016959
3829196.0,1413.91512548527,MO93,0.0,9447.6832215,jardin,12.0,jardin.shp,jardin,9447.683221501033
3847467.0,347.911121324913,MO93,0.0,1149.1395185,jardin,12.0,jardin.shp,jardin,1149.1395185060733
3848965.0,98.1811879523027,MO93,0.0,129.4016365,jardin,12.0,jardin.shp,jardin,129.40163650810226
3847468.0,896.984971774162,MO93,0.0,3415.5903545,jardin,12.0,jardin.shp,jardin,3415.5903545079063
3847466.0,335.879637929241,MO93,0.0,1251.099605,jardin,12.0,jardin.shp,jardin,1251.0996050031292
74375845.0,14.1757764287373,MO93,0.0,11.2125,jardin,12.0,jardin.shp,jardin,11.212499999674037
74375820.0,139.914354891418,MO93,0.0,387.6106885,jardin,12.0,jardin.shp,jardin,387.61068850138554
74375821.0,43.3876995321228,MO93,0.0,108.965096,jardin,12.0,jardin.shp,jardin,108.965095999455
74375842.0,635.727797386093,MO93,0.0,2346.467542,jardin,12.0,jardin.shp,jardin,2346.467541997939
3839538.0,179.878651879155,MO93,0.0,512.362985,jardin,12.0,jardin.shp,jardin,512.3629850006708
138277258.0,78.6918069596722,MO93,0.0,321.2039655,jardin,12.0,jardin.shp,jardin,321.20396549758254
138277272.0,854.64234623177,MO93,0.0,5215.8742485,jardin,12.0,jardin.shp,jardin,5215.874248479133
3828738.0,652.188579877554,MO93,0.0,2366.493148,jardin,12.0,jardin.shp,jardin,2366.4931480109485
138424716.0,56.072615457963,MO93,0.0,53.188961,jardin,12.0,jardin.shp,jardin,53.18896099924995
138288682.0,13.8051191232521,MO93,0.0,9.1802895,jardin,12.0,jardin.shp,jardin,9.180289499776393
138271007.0,18.7941487553638,MO93,0.0,13.5628335,jardin,12.0,jardin.shp,jardin,13.562833500110843
138271016.0,21.0276538392115,MO93,0.0,23.888458,jardin,12.0,jardin.shp,jardin,23.88845799964048
138277286.0,55.0315325525911,MO93,0.0,113.7273535,jardin,12.0,jardin.shp,jardin,113.72735349857548
3828657.0,124.313080881318,MO93,0.0,493.3781965,jardin,12.0,jardin.shp,jardin,493.3781964950971
138271015.0,52.9820892927262,MO93,0.0,88.2575725,jardin,12.0,jardin.shp,jardin,88.2575724983176
3847461.0,718.23357889238,MO93,0.0,3502.8814205,jardin,12.0,jardin.shp,jardin,3502.8814205036274
3824884.0,44.9657642354283,MO93,0.0,29.6971,jardin,12.0,jardin.shp,jardin,29.697099998485868
3840367.0,201.557159001856,MO93,0.0,604.4180365,jardin,12.0,jardin.shp,jardin,604.4180364989193
3839182.0,347.24540181477,MO93,0.0,539.9098795,jardin,12.0,jardin.shp,jardin,539.9098794874675
3832531.0,95.9187763827106,MO93,0.0,140.363765,jardin,12.0,jardin.shp,jardin,140.3637650006475
74375790.0,88.5250341238719,MO93,0.0,133.5542705,jardin,12.0,jardin.shp,jardin,133.55427049870548
3835924.0,106.390160095318,MO93,0.0,408.914207,jardin,12.0,jardin.shp,jardin,408.914206998693
3824885.0,157.770939326473,MO93,0.0,319.791336,jardin,12.0,jardin.shp,jardin,319.7913359973359
74375817.0,51.6183065977179,MO93,0.0,79.7518395,jardin,12.0,jardin.shp,jardin,79.75183949890187
3832440.0,1020.65878941507,MO93,0.0,9741.026846,foret,18.0,MOVD_CAD_TPR_CSBOIS_S.shp,foret,9741.026845973016
3840404.0,225.527563241296,MO93,0.0,1145.82105,jardin,12.0,jardin.shp,jardin,1145.821050006279
3824581.0,257.558836256317,MO93,0.0,1635.8094055,jardin,12.0,jardin.shp,jardin,1635.809405494363
3840399.0,283.674747845245,MO93,0.0,1156.5059105,jardin,12.0,jardin.shp,jardin,1156.5059105008029
145434132.0,37.4220093571716,MO93,0.0,90.9033935,jardin,12.0,jardin.shp,jardin,90.90339349876332
145434131.0,63.4601558383441,MO93,0.0,108.083169,jardin,12.0,jardin.shp,jardin,108.08316899999346
3824495.0,189.504174893322,MO93,0.0,926.435684,jardin,12.0,jardin.shp,jardin,926.4356839986235
3830761.0,180.217972977133,MO93,0.0,283.71771,jardin,12.0,jardin.shp,jardin,283.717709997472
145434130.0,223.146148610398,MO93,0.0,731.477131,jardin,12.0,jardin.shp,jardin,731.4771309896151
3826780.0,22.4961385720805,MO93,0.0,25.2456,jardin,12.0,jardin.shp,jardin,25.245600000219977
145434133.0,59.8071556446968,MO93,0.0,82.410768,jardin,12.0,jardin.shp,jardin,82.41076799900705
74375828.0,194.953091762565,MO93,0.0,1491.2717975,jardin,12.0,jardin.shp,jardin,1491.2717974991076
74375827.0,60.0333926770486,MO93,0.0,185.665822,jardin,12.0,jardin.shp,jardin,185.66582200093097
74375832.0,229.721515374969,MO93,0.0,847.7708295,jardin,12.0,jardin.shp,jardin,847.7708295010844
74375826.0,28.6746152468272,MO93,0.0,28.005508,jardin,12.0,jardin.shp,jardin,28.00550799831227
74375824.0,38.7261069870351,MO93,0.0,39.8119785,jardin,12.0,jardin.shp,jardin,39.811978498816806
74375831.0,240.736132346394,MO93,0.0,994.6218465,jardin,12.0,jardin.shp,jardin,994.6218464940692
74375825.0,38.6750158952368,MO93,0.0,39.8034435,jardin,12.0,jardin.shp,jardin,39.80344350096949
74375836.0,206.051275084918,MO93,0.0,694.556614,jardin,12.0,jardin.shp,jardin,694.556613998506
74375840.0,34.1530536751955,MO93,0.0,71.852319,jardin,12.0,jardin.shp,jardin,71.8523190003183
74375830.0,66.5717613439124,MO93,0.0,77.394051,jardin,12.0,jardin.shp,jardin,77.39405100337146
81913745.0,3579.6158758567,NP,2.0,21733.009805,jardin,12.0,jardin.shp,jardin,21733.009805005353
147865431.0,1427.27542435717,MO93,0.0,5592.0220655,jardin,12.0,jardin.shp,jardin,5592.02206551234
3842302.0,55.7416168499368,NP,2.0,55.5522155,jardin,12.0,jardin.shp,jardin,55.55221549819905
81130327.0,424.725286675537,NP,2.0,2000.013902,jardin,12.0,jardin.shp,jardin,2000.0139020052713
81130341.0,80.6786915255699,NP,2.0,125.9559775,jardin,12.0,jardin.shp,jardin,125.95597750133932
147865430.0,25.9481987675531,MO93,0.0,26.91712,jardin,12.0,jardin.shp,jardin,26.91711999860208
147865427.0,15.2624292156057,MO93,0.0,8.936538,jardin,12.0,jardin.shp,jardin,8.936537999894878
3828977.0,100.684734571188,NP,2.0,49.591385,jardin,12.0,jardin.shp,jardin,49.591385001782356
147865426.0,14.0888122751497,MO93,0.0,7.630785,jardin,12.0,jardin.shp,jardin,7.630784999617757
147865428.0,23.0110854601188,MO93,0.0,20.933274,jardin,12.0,jardin.shp,jardin,20.933273999675734
3841045.0,4.00532712642604,NP,2.0,0.93075,jardin,12.0,jardin.shp,jardin,0.9307499997476116
138288665.0,60.2343587342225,MO93,0.0,155.2866365,jardin,12.0,jardin.shp,jardin,155.2866365007373
3833658.0,25.2277357480568,MO93,0.0,35.62945,jardin,12.0,jardin.shp,jardin,35.62945000085347
3848975.0,77.1945799484646,MO93,0.0,165.21205,jardin,12.0,jardin.shp,jardin,165.21205000282572
81913737.0,19.2095000602624,NP,2.0,8.4438795,jardin,12.0,jardin.shp,jardin,8.443879499546874
81913736.0,6.53129232665654,NP,2.0,2.5333825,jardin,12.0,jardin.shp,jardin,2.533382500170097
3840807.0,42.4675484234284,NP,2.0,9.79153,jardin,12.0,jardin.shp,jardin,9.791530003097169
3844352.0,96.6358520278805,MO93,0.0,424.75219,jardin,12.0,jardin.shp,jardin,424.75219000286654
3848986.0,219.957845547309,MO93,0.0,525.06141,jardin,12.0,jardin.shp,jardin,525.0614099996938
3833851.0,58.3333909017877,MO93,0.0,117.7769,jardin,12.0,jardin.shp,jardin,117.77689999749363
3839845.0,502.838106026782,NP,2.0,1379.39261,jardin,12.0,jardin.shp,jardin,1379.3926099933387
3839763.0,1491.10918238698,NP,2.0,9273.672415,jardin,12.0,jardin.shp,jardin,9273.67241499736
3842394.0,12.8940926401703,NP,2.0,7.995112,jardin,12.0,jardin.shp,jardin,7.995111999605864
3849555.0,162.828493407386,NP,2.0,1004.9384925,jardin,12.0,jardin.shp,jardin,1004.9384924954143
81130320.0,1677.88142781523,NP,2.0,11728.2311225,jardin,12.0,jardin.shp,jardin,11728.231122492136
3842390.0,9.37532242187892,NP,2.0,4.06035,jardin,12.0,jardin.shp,jardin,4.060349999717762
92701631.0,161.896376666962,NP,2.0,261.2818455,jardin,12.0,jardin.shp,jardin,261.28184549653406
92701625.0,55.2505185183911,NP,2.0,89.722306,jardin,12.0,jardin.shp,jardin,89.722306000891
92701640.0,58.573375356368,NP,2.0,48.2454785,jardin,12.0,jardin.shp,jardin,48.24547850214559
92701639.0,42.9265395606322,NP,2.0,37.448771,jardin,12.0,jardin.shp,jardin,37.44877099878743
81130328.0,194.403216601064,NP,2.0,280.184624,jardin,12.0,jardin.shp,jardin,280.18462400394253
81913746.0,188.097298925007,NP,2.0,851.3090485,jardin,12.0,jardin.shp,jardin,851.3090484989705
3830640.0,1082.62108016173,NP,2.0,11878.995218,jardin,12.0,jardin.shp,jardin,11878.99521799856
3830155.0,32.2632910088567,NP,2.0,26.966585,jardin,12.0,jardin.shp,jardin,26.966585000098878
3849515.0,10.7510054577658,NP,2.0,4.3293,jardin,12.0,jardin.shp,jardin,4.329299999668077
26916444.0,107.644948232126,NP,2.0,147.977132,jardin,12.0,jardin.shp,jardin,147.97713200376586
81914492.0,10.0666851236479,NP,2.0,2.788737,jardin,12.0,jardin.shp,jardin,2.7887370004442866
139643137.0,11.1637390780025,NP,2.0,4.139383,jardin,12.0,jardin.shp,jardin,4.139383000213101
75317326.0,863.939987054023,NP,2.0,4451.769872,jardin,12.0,jardin.shp,jardin,4451.769871999408
3828847.0,10.34037642569,NP,2.0,0.806,jardin,12.0,jardin.shp,jardin,0.8060000002183951
133630143.0,200.447156032087,MO93,0.0,430.0789115,jardin,12.0,jardin.shp,jardin,430.0789114933095
3848981.0,81.3649697210448,MO93,0.0,396.235633,jardin,12.0,jardin.shp,jardin,396.23563299538614
3828656.0,567.557380789957,MO93,0.0,3028.4282975,jardin,12.0,jardin.shp,jardin,3028.4282974901325
3834853.0,95.6819913851579,MO93,0.0,86.283238,jardin,12.0,jardin.shp,jardin,86.28323799560091
3836311.0,968.475160454601,MO93,0.0,10246.251137,foret,18.0,MOVD_CAD_TPR_CSBOIS_S.shp,foret,10246.251137014406
3844355.0,431.209327257734,MO93,0.0,2212.569995,jardin,12.0,jardin.shp,jardin,2212.569995021575
3830549.0,38.1990770993433,MO93,0.0,46.5403075,jardin,12.0,jardin.shp,jardin,46.54030749949521
3844348.0,872.959465938236,MO93,0.0,5431.5218995,jardin,12.0,jardin.shp,jardin,5431.521899515538
3833852.0,135.273784928822,MO93,0.0,673.798348,jardin,12.0,jardin.shp,jardin,673.7983480011525
3828731.0,231.904895305837,MO93,0.0,1887.5862705,jardin,12.0,jardin.shp,jardin,1887.5862705080929
3848972.0,63.2456177928923,MO93,0.0,58.63368,jardin,12.0,jardin.shp,jardin,58.633680000763086
121511928.0,387.202710825286,MO93,0.0,1429.0583495,jardin,12.0,jardin.shp,jardin,1429.0583495013623
3831269.0,39.508498528098,MO93,0.0,36.4988755,jardin,12.0,jardin.shp,jardin,36.49887549980842
3831266.0,106.577103234667,MO93,0.0,400.485597,jardin,12.0,jardin.shp,jardin,400.4855969959523
3840174.0,49.9059292716114,MO93,0.0,46.52475,jardin,12.0,jardin.shp,jardin,46.52474999847217
3831270.0,42.919033626365,MO93,0.0,96.9959015,jardin,12.0,jardin.shp,jardin,96.99590149948851
3831268.0,13.871443288547,MO93,0.0,6.44904,jardin,12.0,jardin.shp,jardin,6.449040000207061
3831371.0,13.3825691386783,MO93,0.0,7.725204,jardin,12.0,jardin.shp,jardin,7.725203999822639
3826816.0,90.4722453968557,MO93,0.0,405.1957095,jardin,12.0,jardin.shp,jardin,405.19570949682117
3840997.0,139.666130202662,MO93,0.0,256.905025,jardin,12.0,jardin.shp,jardin,256.90502500106754
3849134.0,47.83992681024,NP,2.0,67.204005,jardin,12.0,jardin.shp,jardin,67.20400500138955
3840044.0,36.155306175807,NP,2.0,20.1677,jardin,12.0,jardin.shp,jardin,20.16770000002947
136017932.0,41.5770840396985,NP,2.0,57.9900425,jardin,12.0,jardin.shp,jardin,57.9900424989287
75317310.0,57.0414084078688,NP,2.0,45.2314625,jardin,12.0,jardin.shp,jardin,45.23146249894276
75317308.0,53.4718446072349,NP,2.0,115.0098295,jardin,12.0,jardin.shp,jardin,115.00982949949619
3840356.0,713.167966473535,NP,2.0,2383.5127315,jardin,12.0,jardin.shp,jardin,2383.512731491597
3849474.0,581.839215572595,NP,2.0,3072.290172,jardin,12.0,jardin.shp,jardin,3072.290171992204
89779038.0,157.793611063864,NP,2.0,326.0163345,jardin,12.0,jardin.shp,jardin,326.0163345012812
3831271.0,38.9568773987277,MO93,0.0,80.3553725,jardin,12.0,jardin.shp,jardin,80.35537249773513
75317286.0,51.0454165277202,NP,2.0,35.423117,jardin,12.0,jardin.shp,jardin,35.42311699654415
3841003.0,277.81412471959,MO93,0.0,1316.1692905,jardin,12.0,jardin.shp,jardin,1316.1692904939036
3844273.0,51.7982232434166,MO93,0.0,87.3194885,jardin,12.0,jardin.shp,jardin,87.3194884974475
3849130.0,261.370826315558,MO93,0.0,1727.577505,jardin,12.0,jardin.shp,jardin,1727.5775050043048
3849137.0,164.367439874635,MO93,0.0,421.237698,jardin,12.0,jardin.shp,jardin,421.23769800010723
3826886.0,1411.42367854236,MO93,0.0,15521.187891,jardin,12.0,jardin.shp,jardin,15521.187890985171
3840276.0,271.127369846018,MO93,0.0,1223.8599935,jardin,12.0,jardin.shp,jardin,1223.8599935049615
3841115.0,219.28313780976,MO93,0.0,1150.071663,jardin,12.0,jardin.shp,jardin,1150.0716629973786
3843798.0,931.981837826335,MO93,0.0,4265.382425,jardin,12.0,jardin.shp,jardin,4265.382424990808
3830735.0,54.2325115825193,MO93,0.0,59.6844585,jardin,12.0,jardin.shp,jardin,59.68445849780919
3849580.0,102.667692515287,MO93,0.0,319.771457,jardin,12.0,jardin.shp,jardin,319.77145699369464
3840434.0,182.538008537138,NP,2.0,360.482796,jardin,12.0,jardin.shp,jardin,360.48279600663136
3840509.0,161.644486306104,NP,2.0,303.837257,jardin,12.0,jardin.shp,jardin,303.8372569993523
3842436.0,19.432847818564,NP,2.0,15.68835,jardin,12.0,jardin.shp,jardin,15.688349999183185
75317280.0,7.79234811304069,NP,2.0,0.24238,jardin,12.0,jardin.shp,jardin,0.24238000022003428
3840018.0,85.9081199146998,NP,2.0,206.377865,jardin,12.0,jardin.shp,jardin,206.377865000634
3840435.0,58.4600827502952,NP,2.0,48.8552,jardin,12.0,jardin.shp,jardin,48.85520000070585
75317281.0,30.8155700783008,NP,2.0,24.66265,jardin,12.0,jardin.shp,jardin,24.662649997727854
3841168.0,1001.74971393378,NP,2.0,5863.9971135,jardin,12.0,jardin.shp,jardin,5863.997113509207
3840065.0,878.489432553799,MO93,0.0,19380.9470835,foret,18.0,MOVD_CAD_TPR_CSBOIS_S.shp,foret,19380.94708350555
3828991.0,18.1302039418404,NP,2.0,7.72974,jardin,12.0,jardin.shp,jardin,7.7297400005091825
3829119.0,116.832413097882,MO93,0.0,256.3625915,jardin,12.0,jardin.shp,jardin,256.3625914994736
3842936.0,292.637345910408,MO93,0.0,876.175368,jardin,12.0,jardin.shp,jardin,876.1753679935556
3829123.0,60.1970086868355,MO93,0.0,173.0685145,jardin,12.0,jardin.shp,jardin,173.0685144978014
3849598.0,55.1932883981999,MO93,0.0,128.997125,jardin,12.0,jardin.shp,jardin,128.99712500044097
3831032.0,63.6721294599287,MO93,0.0,173.542024,jardin,12.0,jardin.shp,jardin,173.54202400172494
3842713.0,93.7114927750051,MO93,0.0,188.206636,jardin,12.0,jardin.shp,jardin,188.20663600201894
3849578.0,248.447659810911,MO93,0.0,284.7051765,jardin,12.0,jardin.shp,jardin,284.7051764968458
3842898.0,215.259506641559,MO93,0.0,1030.7303565,jardin,12.0,jardin.shp,jardin,1030.7303564994481
146477660.0,71.0499466680598,MO93,0.0,35.578512,jardin,12.0,jardin.shp,jardin,35.57851200507312
3849577.0,136.439639437485,MO93,0.0,320.6746975,jardin,12.0,jardin.shp,jardin,320.6746975033433
3830632.0,475.687056632037,NP,2.0,2563.896941,jardin,12.0,jardin.shp,jardin,2563.896940998273
3839925.0,16.7640544720012,NP,2.0,3.61735,jardin,12.0,jardin.shp,jardin,3.6173499996833036
3830636.0,46.7583388699005,NP,2.0,72.37405,jardin,12.0,jardin.shp,jardin,72.37405000042315
3849080.0,1664.64800598544,NP,2.0,8348.315176,jardin,12.0,jardin.shp,jardin,8348.31517601036
83791093.0,56.8344507798661,NP,2.0,151.7855925,jardin,12.0,jardin.shp,jardin,151.7855924998616
92701629.0,56.1817639068522,NP,2.0,41.052231,jardin,12.0,jardin.shp,jardin,41.052230997745326
92701628.0,34.7911847163146,NP,2.0,15.859374,jardin,12.0,jardin.shp,jardin,15.85937399920374
92701627.0,34.5113697935636,NP,2.0,15.5772725,jardin,12.0,jardin.shp,jardin,15.577272499350212
3841666.0,14.8894869897867,NP,2.0,8.408205,jardin,12.0,jardin.shp,jardin,8.408205001152195
3830446.0,31.288784949006,NP,2.0,58.13885,jardin,12.0,jardin.shp,jardin,58.138850000692855
3842381.0,63.7994083980181,NP,2.0,97.78041,jardin,12.0,jardin.shp,jardin,97.78040999697093
87452479.0,63.3786137361054,NP,2.0,51.4873,jardin,12.0,jardin.shp,jardin,51.48730000197962
136064335.0,191.045887574278,NP,2.0,804.735319,jardin,12.0,jardin.shp,jardin,804.7353189995271
136064332.0,91.7044944481921,NP,2.0,124.431031,jardin,12.0,jardin.shp,jardin,124.43103099896973
136064389.0,49.3622124350375,NP,2.0,64.426306,jardin,12.0,jardin.shp,jardin,64.42630599956948
136064334.0,26.9433831199645,NP,2.0,40.022679,jardin,12.0,jardin.shp,jardin,40.02267899951595
136064388.0,277.233448773679,NP,2.0,969.2572145,jardin,12.0,jardin.shp,jardin,969.2572145051846
3840915.0,22.4173225966751,NP,2.0,25.4564,jardin,12.0,jardin.shp,jardin,25.456400000855936
136064331.0,2635.78453747242,NP,2.0,19042.6874185,jardin,12.0,jardin.shp,jardin,19042.68741850058
83791103.0,412.083549784542,NP,2.0,3248.010283,jardin,12.0,jardin.shp,jardin,3248.010283006429
83791098.0,33.1977485778852,NP,2.0,30.4454365,jardin,12.0,jardin.shp,jardin,30.44543649998524
47119830.0,184.999051146272,NP,2.0,296.4009425,jardin,12.0,jardin.shp,jardin,296.4009424990926
83791099.0,41.549284000827,NP,2.0,53.4204665,jardin,12.0,jardin.shp,jardin,53.4204664994938
83791100.0,22.404735403666,NP,2.0,22.788607,jardin,12.0,jardin.shp,jardin,22.78860700017861
87574887.0,46.0022392048436,NP,2.0,39.954627,jardin,12.0,jardin.shp,jardin,39.95462699750237
83791102.0,111.30746586946,NP,2.0,179.319517,jardin,12.0,jardin.shp,jardin,179.31951699983466
83791101.0,49.042955894143,NP,2.0,31.346287,jardin,12.0,jardin.shp,jardin,31.34628699956497
87574868.0,41.5318425521579,NP,2.0,35.829159,jardin,12.0,jardin.shp,jardin,35.82915899814245
47119831.0,58.4557484464361,NP,2.0,33.7035085,jardin,12.0,jardin.shp,jardin,33.70350850123495
87574831.0,41.1353907134457,NP,2.0,35.4488185,jardin,12.0,jardin.shp,jardin,35.44881849959229
92701626.0,71.3620046380449,NP,2.0,113.1787445,jardin,12.0,jardin.shp,jardin,113.17874450146111
3842253.0,10.3641339683194,NP,2.0,4.55695,jardin,12.0,jardin.shp,jardin,4.556949999561254
140678469.0,63.9784369202859,NP,2.0,51.9613025,jardin,12.0,jardin.shp,jardin,51.96130250218496
47119827.0,26.8125250006126,NP,2.0,26.6604,jardin,12.0,jardin.shp,jardin,26.660400000528103
47119828.0,21.7218345883377,NP,2.0,20.723175,jardin,12.0,jardin.shp,jardin,20.72317499943152
66748171.0,12.6921011198291,NP,2.0,7.3690885,jardin,12.0,jardin.shp,jardin,7.369088500012482
47119833.0,161.147104778209,NP,2.0,341.9359625,jardin,12.0,jardin.shp,jardin,341.9359624958749
47119821.0,37.6505971526439,NP,2.0,85.215342,jardin,12.0,jardin.shp,jardin,85.21534200061632
47119820.0,52.5829949566894,NP,2.0,159.27005,jardin,12.0,jardin.shp,jardin,159.27005000048905
66748174.0,19.0775433090347,NP,2.0,2.8946755,jardin,12.0,jardin.shp,jardin,2.894675499948568
3842439.0,84.4143618282034,NP,2.0,39.9965155,jardin,12.0,jardin.shp,jardin,25.460604945275776
32224988.0,489.226937015924,NP,2.0,5506.924072,jardin,12.0,jardin.shp,jardin,443.01594092075305
92701638.0,25.5053680309446,NP,2.0,26.680263,jardin,12.0,jardin.shp,jardin,26.680263001192753
81130324.0,186.941371306507,NP,2.0,266.2869625,jardin,12.0,jardin.shp,jardin,266.28696249808013
92701630.0,1326.89507106547,NP,2.0,6576.151944,jardin,12.0,jardin.shp,jardin,6576.151943989857
3828979.0,510.084032078048,NP,2.0,3271.8658195,jardin,12.0,jardin.shp,jardin,3271.8658195004764
66748290.0,124.107061173622,NP,2.0,395.510716,jardin,12.0,jardin.shp,jardin,395.5107160009656
66748187.0,480.783167442721,NP,2.0,1608.3775665,jardin,12.0,jardin.shp,jardin,1608.3775665014061
66748291.0,36.0944017988282,NP,2.0,83.5540525,jardin,12.0,jardin.shp,jardin,83.55405249860154
66748189.0,227.758871929353,NP,2.0,1374.3169465,jardin,12.0,jardin.shp,jardin,1374.316946504231
66748292.0,1757.36445224911,NP,2.0,8116.873328,jardin,12.0,jardin.shp,jardin,8116.873328004863
75317311.0,424.077900060105,NP,2.0,1611.110967,jardin,12.0,jardin.shp,jardin,1611.110967001821
47119808.0,232.090549411385,NP,2.0,1380.358786,jardin,12.0,jardin.shp,jardin,1380.3587859994784
47119807.0,39.2538223779193,NP,2.0,52.986525,jardin,12.0,jardin.shp,jardin,49.69535931220914
47119809.0,152.188969498222,NP,2.0,512.438928,jardin,12.0,jardin.shp,jardin,512.4389279936029
47119806.0,33.8875176870651,NP,2.0,55.9333,jardin,12.0,jardin.shp,jardin,55.933300002441555
47119811.0,168.399398070343,NP,2.0,618.182622,jardin,12.0,jardin.shp,jardin,255.80865482112227
47119805.0,37.2857174684977,NP,2.0,52.6658,jardin,12.0,jardin.shp,jardin,52.665799999796604
47119810.0,175.272090071908,NP,2.0,601.13976,jardin,12.0,jardin.shp,jardin,601.139760006797
47119823.0,49.1728190403479,NP,2.0,121.743362,jardin,12.0,jardin.shp,jardin,121.74336199925719
150724726.0,32.9837587142462,MO93,0.0,51.083048,jardin,12.0,jardin.shp,jardin,51.08304799947348
47119851.0,105.42510513399,NP,2.0,272.6277875,jardin,12.0,jardin.shp,jardin,272.62778749716267
66748168.0,73.388660359999,NP,2.0,1.807651,jardin,12.0,jardin.shp,jardin,1.8076509963584375
66748175.0,66.4719686177946,NP,2.0,57.6648695,jardin,12.0,jardin.shp,jardin,57.664869497981755
66748173.0,46.9822906734761,NP,2.0,45.2965,jardin,12.0,jardin.shp,jardin,45.296499999824796
66748179.0,28.723016600182,NP,2.0,40.61085,jardin,12.0,jardin.shp,jardin,40.610850000560376
66748172.0,58.1756294176447,NP,2.0,55.968674,jardin,12.0,jardin.shp,jardin,55.9686739998092
66748161.0,62.6599914094025,NP,2.0,1.495386,jardin,12.0,jardin.shp,jardin,1.4953860051385561
47119841.0,146.382577274753,NP,2.0,315.6579525,jardin,12.0,jardin.shp,jardin,315.65795250279956
66748163.0,158.725838763944,NP,2.0,686.172049,jardin,12.0,jardin.shp,jardin,686.1720489949897
150724730.0,14.9670250534417,MO93,0.0,8.324061,jardin,12.0,jardin.shp,jardin,8.324061000515227
66748166.0,1001.20127538025,NP,2.0,4830.467516,jardin,12.0,jardin.shp,jardin,4830.467516014868
150724729.0,44.246146319594,MO93,0.0,83.897984,jardin,12.0,jardin.shp,jardin,83.89798399977775
150724728.0,60.1283168016031,MO93,0.0,108.0012065,jardin,12.0,jardin.shp,jardin,108.00120649640527
150724731.0,114.427771015689,MO93,0.0,534.7532855,jardin,12.0,jardin.shp,jardin,534.7532855009749
150724727.0,47.5619816918404,MO93,0.0,43.94221,jardin,12.0,jardin.shp,jardin,43.942210000887705
60320755.0,191.336267961487,NP,2.0,1131.4764345,jardin,12.0,jardin.shp,jardin,1112.8147084717193
60320738.0,102.079010010898,NP,2.0,429.202428,jardin,12.0,jardin.shp,jardin,286.09115178059517
81573516.0,759.795511793693,NP,2.0,3942.202992,jardin,12.0,jardin.shp,jardin,2907.0655939830344
81573273.0,30.5410099357006,NP,2.0,64.5093835,jardin,12.0,jardin.shp,jardin,64.50938349992465
81573269.0,36.0466541291543,NP,2.0,78.369345,jardin,12.0,jardin.shp,jardin,78.3693449997295
146262310.0,148.383794688683,MO93,0.0,602.6263735,jardin,12.0,jardin.shp,jardin,602.6263734927072
146262311.0,95.2063398690647,MO93,0.0,154.043654,jardin,12.0,jardin.shp,jardin,154.04365399998844
146262312.0,30.1360375729103,MO93,0.0,49.770657,jardin,12.0,jardin.shp,jardin,49.770657000904784
75317322.0,6.13072166222445,NP,2.0,2.2014685,jardin,12.0,jardin.shp,jardin,2.201468500019825
75317333.0,1320.28922698254,NP,2.0,6465.902333,jardin,12.0,jardin.shp,jardin,6465.902332991179
3842392.0,53.6566059069909,NP,2.0,27.92155,jardin,12.0,jardin.shp,jardin,27.921549995290384
75317276.0,263.617051001838,NP,2.0,1291.8360835,jardin,12.0,jardin.shp,jardin,1291.8360834946825
136240394.0,48.3832372447278,NP,2.0,106.1122265,jardin,12.0,jardin.shp,jardin,106.112226501215
150329030.0,1590.51224147148,NP,2.0,6099.018965,jardin,12.0,jardin.shp,jardin,6099.018965015352
75317316.0,32.6026935117009,NP,2.0,29.5292195,jardin,12.0,jardin.shp,jardin,29.52921949967359
138906898.0,30.9116678156985,MO93,0.0,54.292225,jardin,12.0,jardin.shp,jardin,54.29222500054045
3840517.0,40.5970358509744,MO93,0.0,61.118304,jardin,12.0,jardin.shp,jardin,61.11830399912014
3830872.0,63.5356738680091,MO93,0.0,141.6643615,jardin,12.0,jardin.shp,jardin,141.66436150108024
3826772.0,66.4489382636417,MO93,0.0,210.1497825,jardin,12.0,jardin.shp,jardin,210.14978249746332
138906901.0,38.624803176211,MO93,0.0,48.948468,jardin,12.0,jardin.shp,jardin,48.948467999228384
3844280.0,207.128582492885,MO93,0.0,562.637451,jardin,12.0,jardin.shp,jardin,562.6374510016893
3833678.0,32.9667563413751,MO93,0.0,41.9553,jardin,12.0,jardin.shp,jardin,41.95529999983641
3849154.0,232.739951524787,MO93,0.0,946.55585,jardin,12.0,jardin.shp,jardin,946.5558499970932
3830866.0,164.50766843189,MO93,0.0,1094.518686,foret,18.0,MOVD_CAD_TPR_CSBOIS_S.shp,foret,1094.5186860014005
3826779.0,24.2011876561281,MO93,0.0,25.51735,jardin,12.0,jardin.shp,jardin,25.51734999909517
74375838.0,201.057648704456,MO93,0.0,1497.682521,jardin,12.0,jardin.shp,jardin,1497.6825210004713
74375835.0,109.129528109825,MO93,0.0,173.126731,jardin,12.0,jardin.shp,jardin,173.1267310020806
74375837.0,172.876858145196,MO93,0.0,1158.679928,jardin,12.0,jardin.shp,jardin,1158.6799280025161
74375833.0,284.294608228604,MO93,0.0,1134.196647,jardin,12.0,jardin.shp,jardin,1134.196647004178
74375839.0,200.928107614084,MO93,0.0,524.993221,jardin,12.0,jardin.shp,jardin,524.9932209983156
3823733.0,380.294443017733,MO93,0.0,2416.537508,jardin,12.0,jardin.shp,jardin,2416.5375079935716
3823522.0,27.5749950494323,MO93,0.0,46.6111615,jardin,12.0,jardin.shp,jardin,46.611161499516264
3823516.0,39.2011451980012,MO93,0.0,93.570077,jardin,12.0,jardin.shp,jardin,93.57007700083176
135539554.0,36.7330557534113,MO93,0.0,84.2556915,jardin,12.0,jardin.shp,jardin,84.25569149796065
3823558.0,39.5385294051341,MO93,0.0,99.588098,jardin,12.0,jardin.shp,jardin,99.58809800127091
3849122.0,75.4240661856765,MO93,0.0,260.466225,jardin,12.0,jardin.shp,jardin,260.4662249982727
3824494.0,349.972503173987,MO93,0.0,2216.9283755,foret,18.0,MOVD_CAD_TPR_CSBOIS_S.shp,foret,2216.928375499853
3832421.0,43.9283869192026,MO93,0.0,58.5771255,jardin,12.0,jardin.shp,jardin,58.577125498310764
3831651.0,16.023699071827,MO93,0.0,14.92855,jardin,12.0,jardin.shp,jardin,14.92854999944549
3840645.0,306.385946151952,MO93,0.0,833.5088155,jardin,12.0,jardin.shp,jardin,833.508815495958
3840520.0,100.103307982928,MO93,0.0,274.164914,jardin,12.0,jardin.shp,jardin,274.1649140000491
3849153.0,68.4443362607911,MO93,0.0,129.449892,jardin,12.0,jardin.shp,jardin,129.44989200226647
3823515.0,424.79003443969,MO93,0.0,1108.50406,jardin,12.0,jardin.shp,jardin,1108.5040599750457
3823514.0,542.143849888454,MO93,0.0,3724.5608805,foret,18.0,MOVD_CAD_TPR_CSBOIS_S.shp,foret,3724.560880501847
3849042.0,75.02105548707,MO93,0.0,131.2890755,jardin,12.0,jardin.shp,jardin,131.28907549678212
3840733.0,90.4705871197651,MO93,0.0,174.1517,jardin,12.0,jardin.shp,jardin,174.15169999905322
3840646.0,44.1311843270675,MO93,0.0,83.819566,jardin,12.0,jardin.shp,jardin,83.8195660029467
3823513.0,523.437089750715,MO93,0.0,3446.1257235,jardin,12.0,jardin.shp,jardin,3446.12572348373
3823518.0,314.081044194646,MO93,0.0,507.0790315,jardin,12.0,jardin.shp,jardin,507.07903149129197
3837222.0,207.242562906565,MO93,0.0,196.095378,jardin,12.0,jardin.shp,jardin,196.09537800703362
142623409.0,19.8007293248676,MO93,0.0,24.491288,jardin,12.0,jardin.shp,jardin,24.491287998724555
142623408.0,19.7490731787964,MO93,0.0,24.3651955,jardin,12.0,jardin.shp,jardin,24.365195500373407
3823562.0,250.734653362965,MO93,0.0,1514.70391,foret,18.0,MOVD_CAD_TPR_CSBOIS_S.shp,foret,1514.7039099986982
3824874.0,58.5230998539078,MO93,0.0,254.539407,jardin,12.0,jardin.shp,jardin,254.5394069994509
3824878.0,612.764768002193,MO93,0.0,4381.589967,jardin,12.0,jardin.shp,jardin,4381.589967005462
3823735.0,83.9971330556182,MO93,0.0,172.8487975,jardin,12.0,jardin.shp,jardin,172.8487974987756
142623411.0,162.958066390125,MO93,0.0,538.3032415,jardin,12.0,jardin.shp,jardin,538.3032414963833
135539615.0,113.652547424896,MO93,0.0,344.752403,jardin,12.0,jardin.shp,jardin,344.75240299789897
135539555.0,1905.13578591116,MO93,0.0,17577.829294,jardin,12.0,jardin.shp,jardin,17577.82929400291
142623410.0,41.2810709352676,MO93,0.0,77.427715,jardin,12.0,jardin.shp,jardin,77.42771500004743
142623412.0,382.989756426515,MO93,0.0,1927.8304495,jardin,12.0,jardin.shp,jardin,1927.8304495005775
3823463.0,276.013477194386,MO93,0.0,445.4872515,foret,18.0,MOVD_CAD_TPR_CSBOIS_S.shp,foret,445.4872514930363
149830700.0,69.175699866666,MO93,0.0,109.532216,jardin,12.0,jardin.shp,jardin,109.53221600110086
3823467.0,147.3236142944,MO93,0.0,636.839724,jardin,12.0,jardin.shp,jardin,636.8397240010055
133320226.0,264.725451196097,MO93,0.0,418.6083955,jardin,12.0,jardin.shp,jardin,418.60839549812925
3844529.0,229.92695601742,MO93,0.0,1679.299475,jardin,12.0,jardin.shp,jardin,1679.2994749908742
3848990.0,2027.49831170276,MO93,0.0,41803.438036,jardin,12.0,jardin.shp,jardin,41803.438036024585
80882334.0,589.02032921035,MO93,0.0,5563.0601825,foret,18.0,MOVD_CAD_TPR_CSBOIS_S.shp,foret,5563.060182486815
3840534.0,351.052515247975,MO93,0.0,2127.9482255,jardin,12.0,jardin.shp,jardin,2127.9482255096327
3833675.0,65.9568832242853,MO93,0.0,346.164986,jardin,12.0,jardin.shp,jardin,346.1649859998239
3831363.0,63.7540188021654,MO93,0.0,170.4020525,jardin,12.0,jardin.shp,jardin,170.40205250017544
3831370.0,53.4722211623032,MO93,0.0,159.809049,jardin,12.0,jardin.shp,jardin,159.80904899892195
146477658.0,102.677727004357,MO93,0.0,139.5666475,jardin,12.0,jardin.shp,jardin,139.5666474957163
146477666.0,72.3130512844351,MO93,0.0,9.97095,jardin,12.0,jardin.shp,jardin,9.9709500032288
3841076.0,2097.05785697419,MO93,0.0,63341.5209135,jardin,12.0,jardin.shp,jardin,59196.88660345595
133593923.0,270.398108487067,MO93,0.0,1186.7059495,jardin,12.0,jardin.shp,jardin,1186.7059495117803
133593915.0,109.867352921153,MO93,0.0,300.5513385,jardin,12.0,jardin.shp,jardin,300.5513385001806
133593913.0,42.6965203049815,MO93,0.0,109.7481255,jardin,12.0,jardin.shp,jardin,109.7481255000877
3830415.0,36.0494382348975,MO93,0.0,86.594298,jardin,12.0,jardin.shp,jardin,86.59429800132946
133593895.0,28.8971775458679,MO93,0.0,52.2765975,jardin,12.0,jardin.shp,jardin,52.27659750014558
97161506.0,325.239998434175,MO93,0.0,2103.613245,jardin,12.0,jardin.shp,jardin,1299.8158273425404
133593918.0,37.5979934249668,MO93,0.0,76.3075585,jardin,12.0,jardin.shp,jardin,76.307558501327
3840929.0,78.8265197895829,MO93,0.0,290.3214005,jardin,12.0,jardin.shp,jardin,290.32140049777956
133593894.0,38.4382389782032,MO93,0.0,31.9253175,jardin,12.0,jardin.shp,jardin,31.925317499398815
75054421.0,382.034623197802,MO93,0.0,640.9135135,jardin,12.0,jardin.shp,jardin,261.71922141111713
3824879.0,263.687978476828,MO93,0.0,1042.9387915,foret,18.0,MOVD_CAD_TPR_CSBOIS_S.shp,foret,1042.9387914881158
142623407.0,16.3519083910118,MO93,0.0,7.9575245,jardin,12.0,jardin.shp,jardin,7.95752450000256
3823560.0,468.118078781912,MO93,0.0,2892.7285625,foret,18.0,MOVD_CAD_TPR_CSBOIS_S.shp,foret,2892.72856249885
137517454.0,114.273958573902,MO93,0.0,414.0757905,jardin,12.0,jardin.shp,jardin,405.35827126663884
137517453.0,129.677247457868,MO93,0.0,794.754411,jardin,12.0,jardin.shp,jardin,732.6315066782203
137517451.0,37.5566032765497,MO93,0.0,3.045491,jardin,12.0,jardin.shp,jardin,3.0454910029763553
137517410.0,12.0483955219741,MO93,0.0,1.158358,jardin,12.0,jardin.shp,jardin,1.1583580000889564
137517462.0,157.99479558648,MO93,0.0,395.3467815,jardin,12.0,jardin.shp,jardin,320.4518986663706
133593924.0,56.6065650391783,MO93,0.0,216.4643005,jardin,12.0,jardin.shp,jardin,202.74125524491336
133593916.0,15.7734012777753,MO93,0.0,19.7883395,jardin,12.0,jardin.shp,jardin,19.78833950018278
88814257.0,254.329540940779,MO93,0.0,245.473108,jardin,12.0,jardin.shp,jardin,80.37690592488156
133593919.0,56.6499867915705,MO93,0.0,138.1750885,jardin,12.0,jardin.shp,jardin,138.17508850049802
133593917.0,39.040362319977,MO93,0.0,32.6415985,jardin,12.0,jardin.shp,jardin,32.641598500793556
3841938.0,83.5298006378908,MO93,0.0,356.2314775,jardin,12.0,jardin.shp,jardin,146.02786976673048
133593921.0,56.5258036565685,MO93,0.0,140.8018195,jardin,12.0,jardin.shp,jardin,140.8018195000681
133593914.0,556.255081264911,MO93,0.0,1628.018248,jardin,12.0,jardin.shp,jardin,1628.0182480028136
133593925.0,37.7362211198369,MO93,0.0,79.695865,jardin,12.0,jardin.shp,jardin,79.69586499870904
133593926.0,48.8907871076021,MO93,0.0,103.3021825,jardin,12.0,jardin.shp,jardin,64.97817955113017
133593922.0,70.2821347582187,MO93,0.0,242.8820685,jardin,12.0,jardin.shp,jardin,1.718283847628087
3841937.0,918.355734040307,MO93,0.0,4678.510829,jardin,12.0,jardin.shp,jardin,1580.7549390140946
3841260.0,23.3665894162654,MO93,0.0,33.53735,jardin,12.0,jardin.shp,jardin,33.53735000091591
3841191.0,417.984715189525,MO93,0.0,2743.121263,jardin,12.0,jardin.shp,jardin,2743.1212629990728
3831669.0,44.5424885926191,MO93,0.0,90.247605,jardin,12.0,jardin.shp,jardin,90.24760499957911
136069035.0,250.630182242522,MO93,0.0,949.7131085,jardin,12.0,jardin.shp,jardin,278.928428951569
97158741.0,581.244430506249,MO93,0.0,2374.0523365,pre,9.0,champ_pre_paturage.shp,pre,2227.261102590896
150724724.0,42.2980948158044,MO93,0.0,83.156805,jardin,12.0,jardin.shp,jardin,83.15680499699914
150724725.0,39.1857618424959,MO93,0.0,62.337048,jardin,12.0,jardin.shp,jardin,62.33704799894205
47119848.0,152.549817726211,NP,2.0,825.582605,foret,18.0,MOVD_CAD_TPR_CSBOIS_S.shp,foret,210.70561454180796
150724723.0,29.9869121438818,MO93,0.0,47.7402225,jardin,12.0,jardin.shp,jardin,47.74022250207563
60320737.0,75.0724773049537,NP,2.0,213.0478875,foret,18.0,MOVD_CAD_TPR_CSBOIS_S.shp,foret,43.08558090998809
47119804.0,127.626774238655,NP,2.0,419.8331475,foret,18.0,MOVD_CAD_TPR_CSBOIS_S.shp,foret,49.892670523248206
47119849.0,405.487008366362,NP,2.0,808.9964135,jardin,12.0,jardin.shp,jardin,61.2348662288309
66961139.0,24.6196029759278,NP,2.0,3.8945,jardin,12.0,jardin.shp,jardin,3.894499999483351
81573265.0,36.1271835556876,NP,2.0,70.8346665,jardin,12.0,jardin.shp,jardin,23.9223486242341
81573462.0,297.999079544635,NP,2.0,788.365893,jardin,12.0,jardin.shp,jardin,669.7598435751456
81573401.0,41.9034732486202,NP,2.0,81.6394085,jardin,12.0,jardin.shp,jardin,81.63940849883053
66961140.0,24.3177564303881,NP,2.0,2.2157,jardin,12.0,jardin.shp,jardin,2.2156999992504254
81573381.0,37.3322847588762,NP,2.0,45.3514785,jardin,12.0,jardin.shp,jardin,45.351478499715554
81573246.0,291.705688880478,NP,2.0,888.0753365,jardin,12.0,jardin.shp,jardin,20.006249475471655
3842215.0,167.208200034755,NP,2.0,715.3619635,jardin,12.0,jardin.shp,jardin,613.9745043715208
66961129.0,302.334524834331,NP,2.0,3540.5950445,jardin,12.0,jardin.shp,jardin,3540.5950445106155
66961135.0,369.578316001672,NP,2.0,6908.2663625,jardin,12.0,jardin.shp,jardin,6908.266362511987
3825813.0,3240.34863335856,NP,2.0,22313.627914,jardin,12.0,jardin.shp,jardin,114.42161252657189
60320757.0,162.619607547717,NP,2.0,20.86453,jardin,12.0,jardin.shp,jardin,20.86452999790621
3838934.0,304.417845311673,NP,2.0,1464.4745975,foret,18.0,MOVD_CAD_TPR_CSBOIS_S.shp,foret,70.17169244825342
60320742.0,49.649450248309,NP,2.0,6.8650185,jardin,12.0,jardin.shp,jardin,6.865018500292669
66961126.0,145.707526875017,NP,2.0,444.35828,jardin,12.0,jardin.shp,jardin,444.35827999901664
66961133.0,88.0804670492277,NP,2.0,308.690738,jardin,12.0,jardin.shp,jardin,308.6907379959719
66961128.0,53.8793512229383,NP,2.0,114.40737,jardin,12.0,jardin.shp,jardin,114.40736999939814
66961125.0,116.516181244657,NP,2.0,131.4887115,jardin,12.0,jardin.shp,jardin,131.4887115022478
66961137.0,247.848875756063,NP,2.0,2053.677177,jardin,12.0,jardin.shp,jardin,2053.6771769937104
66961134.0,125.81838648307,NP,2.0,382.651388,jardin,12.0,jardin.shp,jardin,382.6513880004922
66961131.0,214.275647821555,NP,2.0,619.1634525,jardin,12.0,jardin.shp,jardin,619.1634524977585
66961130.0,88.5582927884009,NP,2.0,169.3370585,jardin,12.0,jardin.shp,jardin,169.33705850036384
66961123.0,328.093147818921,NP,2.0,1140.1429615,jardin,12.0,jardin.shp,jardin,1140.1429615022194
31866335.0,19.1952455774276,MO93,0.0,20.9660025,jardin,12.0,jardin.shp,jardin,20.966002500960077
37191612.0,43.6313698789373,NP,2.0,3.5057045,foret,18.0,MOVD_CAD_TPR_CSBOIS_S.shp,foret,3.5057045011113956
37191618.0,56.7751152215798,NP,2.0,7.51588,jardin,12.0,jardin.shp,jardin,0.5644753334770787
25192216.0,36.5840901830941,MO93,0.0,65.572678,jardin,12.0,jardin.shp,jardin,65.57267799900305
98129788.0,10.8182874343396,MO93,0.0,2.83947,jardin,12.0,jardin.shp,jardin,2.839470000274451
31866329.0,268.854309491107,MO93,0.0,499.0219365,jardin,12.0,jardin.shp,jardin,499.02193649595847
31866330.0,24.06889523358,MO93,0.0,23.7568185,jardin,12.0,jardin.shp,jardin,23.756818500384856
31866326.0,250.242181789601,MO93,0.0,584.6338045,jardin,12.0,jardin.shp,jardin,584.6338045028496
3843165.0,831.513500584917,NP,2.0,4009.3234775,jardin,12.0,jardin.shp,jardin,4009.3234775045894
31866327.0,145.741389018859,MO93,0.0,834.3362645,jardin,12.0,jardin.shp,jardin,834.3362644950658
133465125.0,65.7640703588619,MO93,0.0,202.3515035,jardin,12.0,jardin.shp,jardin,202.35150349994706
31866325.0,39.3843734096507,MO93,0.0,86.5744955,jardin,12.0,jardin.shp,jardin,86.5744954985651
31866320.0,65.1851975836034,MO93,0.0,136.6656735,jardin,12.0,jardin.shp,jardin,136.6656735004189
31866334.0,14.0387330810014,MO93,0.0,11.3311155,jardin,12.0,jardin.shp,jardin,11.33111549907709
31866333.0,32.3284087815159,MO93,0.0,33.450573,jardin,12.0,jardin.shp,jardin,33.4505730006393
31866360.0,147.138732686277,MO93,0.0,1064.7317665,jardin,12.0,jardin.shp,jardin,1064.731766500897
31866331.0,25.3305145047348,MO93,0.0,25.2337065,jardin,12.0,jardin.shp,jardin,25.23370650059285
66705920.0,1134.83309027376,NP,2.0,14000.040062,jardin,12.0,jardin.shp,jardin,14000.040061977366
31866328.0,59.0460859841507,MO93,0.0,78.272174,jardin,12.0,jardin.shp,jardin,78.27217400167243
31866361.0,376.761403256339,MO93,0.0,4088.5862,jardin,12.0,jardin.shp,jardin,4088.586199997059
31866362.0,188.311998304918,MO93,0.0,625.9149155,jardin,12.0,jardin.shp,jardin,625.9149154991043
31866365.0,36.3778351227913,MO93,0.0,73.131181,jardin,12.0,jardin.shp,jardin,73.1311810010407
31866319.0,52.140419735139,MO93,0.0,103.5902,jardin,12.0,jardin.shp,jardin,103.59020000233706
66705911.0,81.3666199879922,NP,2.0,326.5717025,jardin,12.0,jardin.shp,jardin,67.91868597936535
3829309.0,323.252302985908,MO93,0.0,1061.2328785,jardin,12.0,jardin.shp,jardin,1061.2328784971405
31866323.0,50.059910423428,MO93,0.0,106.073817,jardin,12.0,jardin.shp,jardin,106.07381700015654
66961150.0,9.06155967767198,NP,2.0,1.5785115,jardin,12.0,jardin.shp,jardin,1.5785114997815333
31866324.0,187.596671002317,MO93,0.0,1107.1556205,jardin,12.0,jardin.shp,jardin,1107.155620503835
81925189.0,31.5600785400763,MO93,0.0,55.654648,jardin,12.0,jardin.shp,jardin,55.65464800042023
31866318.0,92.0062665922698,MO93,0.0,310.7757495,jardin,12.0,jardin.shp,jardin,310.77574950404414
31866321.0,30.8104870414459,MO93,0.0,56.4472,jardin,12.0,jardin.shp,jardin,56.44720000088187
81925188.0,41.0433009540846,MO93,0.0,42.00077,jardin,12.0,jardin.shp,jardin,42.00077000052077
31866314.0,48.4890816419173,MO93,0.0,141.647164,jardin,12.0,jardin.shp,jardin,141.64716400079917
31866315.0,80.800110310129,MO93,0.0,226.429917,jardin,12.0,jardin.shp,jardin,226.42991700179178
82924610.0,273.251395236568,MO93,0.0,625.948878,jardin,12.0,jardin.shp,jardin,625.948877993802
3850406.0,860.237592317573,NP,2.0,2824.5348325,jardin,12.0,jardin.shp,jardin,2824.534832500652
3836083.0,75.7120654444608,MO93,0.0,143.5655,jardin,12.0,jardin.shp,jardin,143.56549999767617
75317302.0,52.9018254563085,NP,2.0,123.9294335,jardin,12.0,jardin.shp,jardin,123.92943350155097
3841158.0,172.811783573395,MO93,0.0,701.09861,jardin,12.0,jardin.shp,jardin,701.0986099936567
3826871.0,45.8401899362584,NP,2.0,118.000605,jardin,12.0,jardin.shp,jardin,118.00060499789423
75317294.0,26.9255237372829,NP,2.0,22.7358645,jardin,12.0,jardin.shp,jardin,22.73586449835766
3842817.0,158.231059054036,MO93,0.0,322.5202195,jardin,12.0,jardin.shp,jardin,322.5202194898011
61247371.0,169.64869920745,MO93,0.0,249.611583,foret,18.0,MOVD_CAD_TPR_CSBOIS_S.shp,foret,249.61158299782434
126938884.0,554.473118574271,MO93,0.0,1963.8535265,jardin,12.0,jardin.shp,jardin,1963.8535264848801
3850420.0,122.547540230805,NP,2.0,310.6142885,jardin,12.0,jardin.shp,jardin,310.61428849696927
3850427.0,29.7465405679571,NP,2.0,25.43225,jardin,12.0,jardin.shp,jardin,25.4322499980426
3850419.0,40.2517278458427,NP,2.0,85.97685,jardin,12.0,jardin.shp,jardin,85.97685000063441
66961146.0,7.79626686828623,NP,2.0,2.6062,jardin,12.0,jardin.shp,jardin,2.606199999590125
3850431.0,29.8899636865078,NP,2.0,37.0812,jardin,12.0,jardin.shp,jardin,37.081199999229234
3850426.0,540.239997552983,NP,2.0,2387.220784,jardin,12.0,jardin.shp,jardin,2387.2207840120923
3829071.0,56.2558691180038,NP,2.0,173.8456,jardin,12.0,jardin.shp,jardin,173.8455999994202
3850410.0,356.587203775075,NP,2.0,1171.81094,jardin,12.0,jardin.shp,jardin,1171.8109399934194
3829311.0,23.3168641297257,NP,2.0,12.93754,jardin,12.0,jardin.shp,jardin,12.93754000089298
3843331.0,10.7505302054056,NP,2.0,7.21025,jardin,12.0,jardin.shp,jardin,7.21024999967101
66961151.0,113.838882496582,NP,2.0,111.316195,jardin,12.0,jardin.shp,jardin,111.31619500817057
3831172.0,91.2041792554347,MO93,0.0,330.8704945,foret,18.0,MOVD_CAD_TPR_CSBOIS_S.shp,foret,330.8704945065605
3842816.0,61.7674403304485,MO93,0.0,68.03304,foret,18.0,MOVD_CAD_TPR_CSBOIS_S.shp,foret,68.03303999838678
3824683.0,30.5193963710427,MO93,0.0,46.71705,foret,18.0,MOVD_CAD_TPR_CSBOIS_S.shp,foret,46.71705000173026
3825342.0,216.409712100804,MO93,0.0,1035.1306835,jardin,12.0,jardin.shp,jardin,1035.1306834928168
3847246.0,504.073506098967,MO93,0.0,1948.3401165,jardin,12.0,jardin.shp,jardin,1948.3401165047926
98129787.0,112.566589969601,MO93,0.0,292.9832225,jardin,12.0,jardin.shp,jardin,292.98322249341106
3847248.0,228.849086586597,MO93,0.0,690.9944265,jardin,12.0,jardin.shp,jardin,690.9944264937808
98129786.0,7.93303432192102,MO93,0.0,3.6891205,jardin,12.0,jardin.shp,jardin,3.689120499629721
98129790.0,32.1866663964115,MO93,0.0,48.30627,jardin,12.0,jardin.shp,jardin,48.30627000163591
25192164.0,50.0534948724622,MO93,0.0,52.4088485,jardin,12.0,jardin.shp,jardin,52.40884849953996
31866338.0,67.2741082363816,MO93,0.0,119.0757245,jardin,12.0,jardin.shp,jardin,119.0757244981829
3850425.0,197.313946979147,NP,2.0,466.542305,jardin,12.0,jardin.shp,jardin,466.5423050001838
66961147.0,23.025007133967,NP,2.0,8.233145,jardin,12.0,jardin.shp,jardin,8.233145000209118
98129796.0,11.8657854611618,MO93,0.0,6.265285,jardin,12.0,jardin.shp,jardin,6.265285000843844
66961156.0,146.261743412381,NP,2.0,248.948145,jardin,12.0,jardin.shp,jardin,248.9481450023718
31866337.0,185.909541264457,MO93,0.0,296.7956355,jardin,12.0,jardin.shp,jardin,296.7956354965686
31866336.0,80.8024024664487,MO93,0.0,229.461337,jardin,12.0,jardin.shp,jardin,229.46133700217416
3847249.0,246.87380369235,MO93,0.0,1446.8608905,jardin,12.0,jardin.shp,jardin,1446.8608905015828
31866332.0,43.0858021165707,MO93,0.0,44.765133,jardin,12.0,jardin.shp,jardin,44.76513299728316
146477664.0,15.1261443162153,MO93,0.0,3.04284,jardin,12.0,jardin.shp,jardin,3.042839999537067
3842818.0,29.2965373323179,MO93,0.0,16.2404,jardin,12.0,jardin.shp,jardin,16.240399997987925
146477662.0,14.7915513942483,MO93,0.0,2.5472505,jardin,12.0,jardin.shp,jardin,2.5472505008212414
3832646.0,155.482981192893,MO93,0.0,405.34326,jardin,12.0,jardin.shp,jardin,405.3432599983183
3845768.0,1156.81489080818,MO93,0.0,4274.225872,jardin,12.0,jardin.shp,jardin,4274.225872000792
3831029.0,104.148330456782,MO93,0.0,404.795175,jardin,12.0,jardin.shp,jardin,404.7951749979847
3835396.0,98.4316303586893,MO93,0.0,264.116865,jardin,12.0,jardin.shp,jardin,264.11686500249596
3843799.0,53.6242137960141,MO93,0.0,131.158555,jardin,12.0,jardin.shp,jardin,131.15855500016588
3849576.0,46.3442557510699,MO93,0.0,107.06888,jardin,12.0,jardin.shp,jardin,107.06888000008126
3845766.0,146.586684933424,MO93,0.0,354.273615,jardin,12.0,jardin.shp,jardin,354.2736150002895
98129789.0,37.4054219701625,MO93,0.0,74.417723,jardin,12.0,jardin.shp,jardin,74.41772300014946
3847056.0,666.687117081556,MO93,0.0,2656.287737,jardin,12.0,jardin.shp,jardin,2656.287737008091
3824679.0,266.578618096555,MO93,0.0,889.882675,jardin,12.0,jardin.shp,jardin,889.882675001952
3847243.0,33.3132671122951,MO93,0.0,0.81985,jardin,12.0,jardin.shp,jardin,0.8198499997016988
3839582.0,16.2921997228595,MO93,0.0,1.0451,jardin,12.0,jardin.shp,jardin,1.0450999984052962
3847253.0,1.84415775850187,MO93,0.0,0.0956,jardin,12.0,jardin.shp,jardin,0.09560000002905726
133465126.0,25.2166742698199,MO93,0.0,31.577968,jardin,12.0,jardin.shp,jardin,31.577967999997192
3847058.0,341.936938626273,MO93,0.0,1336.624615,jardin,12.0,jardin.shp,jardin,1336.624614991262
3847057.0,64.8962091245515,MO93,0.0,181.00514,jardin,12.0,jardin.shp,jardin,181.00513999526635
3847237.0,162.025196639622,MO93,0.0,318.817485,jardin,12.0,jardin.shp,jardin,318.8174850040016
146477634.0,71.6680812580298,MO93,0.0,64.921066,jardin,12.0,jardin.shp,jardin,64.9210660025658
146477632.0,62.6495377218882,MO93,0.0,54.316609,jardin,12.0,jardin.shp,jardin,54.31660899968932
146477636.0,153.737755659169,MO93,0.0,143.359179,jardin,12.0,jardin.shp,jardin,143.35917899826345
89748418.0,172.23216444965,MO93,0.0,281.351297,jardin,12.0,jardin.shp,jardin,281.35129700147894
3839972.0,220.389599247544,MO93,0.0,604.56072,jardin,12.0,jardin.shp,jardin,604.5607200013021
89748417.0,33.2501544654032,MO93,0.0,27.656375,jardin,12.0,jardin.shp,jardin,27.656374999996157
89748413.0,8.29337860050528,MO93,0.0,3.838925,jardin,12.0,jardin.shp,jardin,3.8389249998673796
3840627.0,129.521174613713,MO93,0.0,353.7157315,jardin,12.0,jardin.shp,jardin,353.71573150052933
3835399.0,198.255774362519,MO93,0.0,767.75102,jardin,12.0,jardin.shp,jardin,767.7510200026198
89748421.0,33.3101797594924,MO93,0.0,28.157155,jardin,12.0,jardin.shp,jardin,28.157155000109718
3842904.0,264.628847743124,MO93,0.0,1120.999505,jardin,12.0,jardin.shp,jardin,1120.999504991548
3826893.0,181.294089423081,MO93,0.0,1429.982245,jardin,12.0,jardin.shp,jardin,1429.9822449981054
3845767.0,1204.49555458258,MO93,0.0,5719.355816,jardin,12.0,jardin.shp,jardin,5719.355816007118
3840948.0,50.8289991180003,MO93,0.0,85.8913,jardin,12.0,jardin.shp,jardin,85.89130000299663
3831031.0,131.758831269965,MO93,0.0,166.825205,jardin,12.0,jardin.shp,jardin,166.82520499887795
3843384.0,136.384428092421,MO93,0.0,659.18672,jardin,12.0,jardin.shp,jardin,659.1867200000484
3842805.0,105.18648920098,MO93,0.0,192.462818,jardin,12.0,jardin.shp,jardin,192.4628180023477
3842935.0,239.468912013103,MO93,0.0,635.616705,jardin,12.0,jardin.shp,jardin,635.6167049959593
137774910.0,132.635085784685,MO93,0.0,227.9356365,jardin,12.0,jardin.shp,jardin,227.93563649996128
3849741.0,105.24415493447,MO93,0.0,270.10956,jardin,12.0,jardin.shp,jardin,270.10955999930684
3849736.0,160.243138226393,MO93,0.0,666.42039,jardin,12.0,jardin.shp,jardin,666.4203899964278
3843197.0,185.717723876987,MO93,0.0,1558.171495,jardin,12.0,jardin.shp,jardin,1558.171494998612
3843733.0,94.1924007206376,MO93,0.0,216.7852,jardin,12.0,jardin.shp,jardin,216.7852000020181
3842903.0,84.6819679070967,MO93,0.0,207.27818,jardin,12.0,jardin.shp,jardin,207.27818000308582
3831548.0,102.158569387246,MO93,0.0,162.520875,jardin,12.0,jardin.shp,jardin,162.52087499627004
3835397.0,187.847412762172,MO93,0.0,1302.12336,foret,18.0,MOVD_CAD_TPR_CSBOIS_S.shp,foret,1302.1233599943223
3843729.0,31.739333246521,MO93,0.0,58.0283075,jardin,12.0,jardin.shp,jardin,58.02830750053597
3849582.0,76.1099152162966,MO93,0.0,97.15375,jardin,12.0,jardin.shp,jardin,97.1537499958987
3842649.0,280.671116493237,MO93,0.0,1030.72058,jardin,12.0,jardin.shp,jardin,1030.7205800010315
3849583.0,414.606107667279,MO93,0.0,1695.464722,jardin,12.0,jardin.shp,jardin,1695.4647220052075
3839971.0,112.861046388745,MO93,0.0,401.794422,jardin,12.0,jardin.shp,jardin,401.79442200314423
3843003.0,515.070134497843,MO93,0.0,2045.9149975,jardin,12.0,jardin.shp,jardin,2045.9149975030211
3842900.0,109.596959035394,MO93,0.0,392.1464435,jardin,12.0,jardin.shp,jardin,392.14644349845327
3830738.0,46.0344651374129,MO93,0.0,107.58855,jardin,12.0,jardin.shp,jardin,107.58855000318941
3843795.0,387.88780704872,MO93,0.0,1019.7177055,jardin,12.0,jardin.shp,jardin,1019.7177055071472
133546866.0,7.62429234510619,MO93,0.0,1.8943,jardin,12.0,jardin.shp,jardin,1.894300000017323
3841277.0,159.677727282394,MO93,0.0,1184.3062095,jardin,12.0,jardin.shp,jardin,1184.3062094972904
3830659.0,41.5063492631012,MO93,0.0,85.370042,jardin,12.0,jardin.shp,jardin,85.37004199781177
3829110.0,221.151648609451,MO93,0.0,1030.0313295,jardin,12.0,jardin.shp,jardin,1030.0313294933878
3841284.0,153.818290862701,MO93,0.0,375.7404105,jardin,12.0,jardin.shp,jardin,375.74041049650776
133410678.0,323.449822688655,MO93,0.0,1222.2387355,jardin,12.0,jardin.shp,jardin,1222.238735491013
3830937.0,68.5010298022172,MO93,0.0,225.255195,jardin,12.0,jardin.shp,jardin,225.25519499980714
3849597.0,39.094712003005,MO93,0.0,74.25235,jardin,12.0,jardin.shp,jardin,74.25235000022906
133388879.0,10.3423062524637,MO93,0.0,6.576666,jardin,12.0,jardin.shp,jardin,6.576666000225782
133388786.0,38.8711771744819,MO93,0.0,42.0001935,jardin,12.0,jardin.shp,jardin,42.0001934947833
3842720.0,1149.68059200386,MO93,0.0,5673.083474,jardin,12.0,jardin.shp,jardin,5673.083473992643
133271519.0,2336.10670546404,MO93,0.0,14415.37326,jardin,12.0,jardin.shp,jardin,14415.373260046574
3849688.0,79.6528549952798,MO93,0.0,181.8892025,jardin,12.0,jardin.shp,jardin,181.8892025032346
3843728.0,34.8892764957058,MO93,0.0,59.5841875,jardin,12.0,jardin.shp,jardin,59.58418749900697
3840622.0,746.013307488346,MO93,0.0,4534.140394,jardin,12.0,jardin.shp,jardin,4534.140393998114
137517411.0,85.9501930162632,MO93,0.0,248.7935625,jardin,12.0,jardin.shp,jardin,248.79356250011207
3839860.0,300.526933134156,MO93,0.0,4052.414089,jardin,12.0,jardin.shp,jardin,1453.228644873223
3843727.0,56.970268343043,MO93,0.0,178.7788635,jardin,12.0,jardin.shp,jardin,178.7788635003996
3842810.0,337.926280018329,MO93,0.0,1635.098789,jardin,12.0,jardin.shp,jardin,1635.0987890023239
137517448.0,73.2853764174686,MO93,0.0,53.1907835,jardin,12.0,jardin.shp,jardin,53.19078350202894
3831502.0,73.972426504293,MO93,0.0,96.018122,jardin,12.0,jardin.shp,jardin,96.01812200498979
3838621.0,162.193599411058,MO93,0.0,822.3280815,jardin,12.0,jardin.shp,jardin,822.3280815009632
3841069.0,1455.26454981865,MO93,0.0,8397.026003,jardin,12.0,jardin.shp,jardin,3301.544233287039
3831028.0,147.52609192641,MO93,0.0,864.486399,jardin,12.0,jardin.shp,jardin,864.486399004423
3839599.0,2077.35155195551,MO93,0.0,12420.491179,jardin,12.0,jardin.shp,jardin,10730.678624176782
3840010.0,73.6869300116546,MO93,0.0,205.020971,jardin,12.0,jardin.shp,jardin,205.0209709985885
3849146.0,95.1043105038165,MO93,0.0,174.324475,jardin,12.0,jardin.shp,jardin,174.32447499782927
3841186.0,221.756585113369,MO93,0.0,1572.9158575,jardin,12.0,jardin.shp,jardin,1572.915857513866
3841610.0,124.989495839716,MO93,0.0,718.94436,jardin,12.0,jardin.shp,jardin,718.9443599927852
133320225.0,2.67997432031287,MO93,0.0,0.11884,jardin,12.0,jardin.shp,jardin,0.1188400001517404
88814256.0,116.379055808559,MO93,0.0,124.1156125,jardin,12.0,jardin.shp,jardin,124.1156125060488
3823459.0,1548.53163458851,MO93,0.0,27368.3679465,foret,18.0,MOVD_CAD_TPR_CSBOIS_S.shp,foret,20488.525316487856
3841936.0,2827.80148482759,MO93,0.0,83212.4637255,foret,18.0,MOVD_CAD_TPR_CSBOIS_S.shp,foret,54417.91849162267
97158745.0,1103.47969067184,MO93,0.0,2033.329325,jardin,12.0,jardin.shp,jardin,570.9709906522921
3842899.0,169.508293376299,MO93,0.0,826.2713225,jardin,12.0,jardin.shp,jardin,826.2713225050987
3831567.0,136.603660272656,MO93,0.0,373.018308,jardin,12.0,jardin.shp,jardin,300.7115062441235
3842814.0,216.4927534267,MO93,0.0,851.6703495,jardin,12.0,jardin.shp,jardin,756.1312900379401
144698253.0,150.099973404785,MO93,0.0,447.881366,foret,18.0,MOVD_CAD_TPR_CSBOIS_S.shp,foret,192.92578139180716
31866373.0,107.010299341966,MO93,0.0,554.203762,jardin,12.0,jardin.shp,jardin,554.2037619975266
31866363.0,77.0750677185663,MO93,0.0,216.637098,jardin,12.0,jardin.shp,jardin,216.63709799936635
31866372.0,123.111395876713,MO93,0.0,524.1239615,jardin,12.0,jardin.shp,jardin,524.1239614968644
31866366.0,101.079342424527,MO93,0.0,328.991421,jardin,12.0,jardin.shp,jardin,328.9914209985411
31866317.0,34.7880579621868,MO93,0.0,67.27045,jardin,12.0,jardin.shp,jardin,67.27045000059712
31866352.0,36.1188844801888,MO93,0.0,60.073689,jardin,12.0,jardin.shp,jardin,60.07368900192205
31866364.0,124.350501340039,MO93,0.0,441.2070655,jardin,12.0,jardin.shp,jardin,441.20706550318306
31866374.0,235.550959686316,MO93,0.0,1336.7561715,jardin,12.0,jardin.shp,jardin,1336.7561714991566
31866353.0,44.2754951192311,MO93,0.0,89.5255815,jardin,12.0,jardin.shp,jardin,89.52558150058017
31866368.0,105.415290863454,MO93,0.0,435.5831645,jardin,12.0,jardin.shp,jardin,435.5831645086965
60320749.0,44.4414487948582,NP,2.0,8.4653975,jardin,12.0,jardin.shp,jardin,8.465397500296305
66705913.0,79.3365005234699,NP,2.0,371.698361,jardin,12.0,jardin.shp,jardin,371.69836100052004
37191619.0,4.76612181051663,NP,2.0,0.400981,jardin,12.0,jardin.shp,jardin,0.4009810000186841
3841629.0,524.666757798818,NP,2.0,17680.395962,jardin,12.0,jardin.shp,jardin,5741.942644707516
66705902.0,906.022096392556,NP,2.0,21990.906455,jardin,12.0,jardin.shp,jardin,572.2581481231439
28160351.0,77.5906096317611,MO93,0.0,185.385564,jardin,12.0,jardin.shp,jardin,185.3855640019479
28160353.0,30.7459031457854,MO93,0.0,54.799405,jardin,12.0,jardin.shp,jardin,54.79940500089204
31866316.0,45.9690551805677,MO93,0.0,129.9608595,jardin,12.0,jardin.shp,jardin,129.96085950071287
31866342.0,284.334483466245,MO93,0.0,1150.677035,jardin,12.0,jardin.shp,jardin,1150.677035003086
3844142.0,297.706739759475,MO93,0.0,3636.667469,foret,18.0,MOVD_CAD_TPR_CSBOIS_S.shp,foret,3636.667469000673
31866346.0,170.023979406008,MO93,0.0,423.6210115,jardin,12.0,jardin.shp,jardin,423.6210114991541
31866345.0,130.455386578069,MO93,0.0,540.903322,jardin,12.0,jardin.shp,jardin,540.903321997708
31866347.0,189.56923190255,MO93,0.0,1305.81271,jardin,12.0,jardin.shp,jardin,1305.812709995688
31866348.0,51.1702816502563,MO93,0.0,138.0085995,jardin,12.0,jardin.shp,jardin,138.00859950225953
31866343.0,128.99813604141,MO93,0.0,329.5669605,jardin,12.0,jardin.shp,jardin,329.5669604991546
31866350.0,265.103026347415,MO93,0.0,2283.574924,jardin,12.0,jardin.shp,jardin,2283.5749240032305
31866349.0,205.173581501488,MO93,0.0,957.715763,jardin,12.0,jardin.shp,jardin,957.7157630022795
31866378.0,100.734678237326,MO93,0.0,338.079155,jardin,12.0,jardin.shp,jardin,338.0791549987024
31866370.0,28.6613698446695,MO93,0.0,31.707089,jardin,12.0,jardin.shp,jardin,31.70708899984116
31866351.0,63.689133107795,MO93,0.0,230.5315725,jardin,12.0,jardin.shp,jardin,230.53157249977835
31866375.0,76.8285690688531,MO93,0.0,162.407577,jardin,12.0,jardin.shp,jardin,162.40757699880794
31866367.0,44.9594090129495,MO93,0.0,95.0891975,jardin,12.0,jardin.shp,jardin,95.08919750068522
31866369.0,54.3931914853548,MO93,0.0,89.743665,jardin,12.0,jardin.shp,jardin,89.74366499962173
31866376.0,53.6583020383126,MO93,0.0,142.492769,jardin,12.0,jardin.shp,jardin,142.49276899810675
31866355.0,41.2991241395352,MO93,0.0,69.1544065,jardin,12.0,jardin.shp,jardin,69.15440649937109
31866354.0,85.103708902966,MO93,0.0,297.4041375,jardin,12.0,jardin.shp,jardin,297.40413749886324
31866380.0,188.003614707238,MO93,0.0,884.913572,jardin,12.0,jardin.shp,jardin,884.9135720024327
31866381.0,62.0527089335074,MO93,0.0,95.214535,jardin,12.0,jardin.shp,jardin,95.2145349976436
31866382.0,27.3593914877611,MO93,0.0,39.754165,jardin,12.0,jardin.shp,jardin,39.75416499994769
3835926.0,2053.92261550082,MO93,0.0,46399.0860885,jardin,12.0,jardin.shp,jardin,46399.08608850155
150510670.0,3168.52662572957,MO93,0.0,25072.8647135,jardin,12.0,jardin.shp,jardin,25058.18033623912
3839780.0,595.299192121478,MO93,0.0,3451.267663,jardin,12.0,jardin.shp,jardin,3451.2676630051515
3834557.0,1763.32318658725,MO93,0.0,32185.559384,foret,18.0,MOVD_CAD_TPR_CSBOIS_S.shp,foret,30325.959831487333
136907419.0,1087.36699819692,MO93,0.0,7271.9619125,jardin,12.0,jardin.shp,jardin,6008.550673864442
3827914.0,826.875850988692,MO93,0.0,2655.915052,foret,18.0,MOVD_CAD_TPR_CSBOIS_S.shp,foret,2241.4338500256945
89243329.0,1277.46143551494,MO93,0.0,11007.974199,jardin,12.0,jardin.shp,jardin,10549.83558995245
3834949.0,1022.67579874719,MO93,0.0,8861.3688655,jardin,12.0,jardin.shp,jardin,8861.36886549663
133506130.0,67.1406812910519,MO93,0.0,17.462101,jardin,12.0,jardin.shp,jardin,17.46210099844835
3841347.0,769.116468221453,MO93,0.0,15238.955414,jardin,12.0,jardin.shp,jardin,15238.95541398054
133506129.0,176.567170389714,MO93,0.0,204.5896965,jardin,12.0,jardin.shp,jardin,204.5896964996656
27077580.0,365.699459932032,MO93,0.0,2262.889208,jardin,12.0,jardin.shp,jardin,2262.889208002034
3828842.0,938.853581406221,MO93,0.0,7001.6368825,jardin,12.0,jardin.shp,jardin,7001.636882502849
27077576.0,45.3185680130845,MO93,0.0,35.242862,jardin,12.0,jardin.shp,jardin,35.24286199958851
3839717.0,129.277083625651,MO93,0.0,412.4352475,jardin,12.0,jardin.shp,jardin,412.43524750643104
136937989.0,10.5979206569157,MO93,0.0,6.541279,jardin,12.0,jardin.shp,jardin,6.541278999410899
3839718.0,745.921486351717,MO93,0.0,8208.4407485,jardin,12.0,jardin.shp,jardin,8208.440748503837
136981028.0,44.8022908122188,MO93,0.0,80.3771005,jardin,12.0,jardin.shp,jardin,80.37710049845133
89243373.0,27.0669001946853,MO93,0.0,42.723506,jardin,12.0,jardin.shp,jardin,42.7235060008632
89243414.0,12.7168453177475,MO93,0.0,9.758874,jardin,12.0,jardin.shp,jardin,9.758874000607943
89243379.0,15.3240714551049,MO93,0.0,12.1996555,jardin,12.0,jardin.shp,jardin,12.199655500381713
3826206.0,73.917503621903,MO93,0.0,167.6893235,foret,18.0,MOVD_CAD_TPR_CSBOIS_S.shp,foret,167.68932349970243
3835218.0,207.679768507737,MO93,0.0,975.363565,jardin,12.0,jardin.shp,jardin,975.3635649982656
3836385.0,63.4842102590414,MO93,0.0,68.02723,jardin,12.0,jardin.shp,jardin,68.02723000193083
89243327.0,240.771070570451,MO93,0.0,687.102745,jardin,12.0,jardin.shp,jardin,472.91959183830716
89243319.0,1052.07452752661,MO93,0.0,3957.6216145,jardin,12.0,jardin.shp,jardin,2805.4744717774865
3836323.0,167.385321445185,MO93,0.0,789.934305,foret,18.0,MOVD_CAD_TPR_CSBOIS_S.shp,foret,789.9343050033767
3848010.0,883.393974113432,MO93,0.0,5804.8938895,jardin,12.0,jardin.shp,jardin,5804.893889500967
3845185.0,83.5914678762857,MO93,0.0,322.0378035,foret,18.0,MOVD_CAD_TPR_CSBOIS_S.shp,foret,322.0378035000556
3826201.0,371.855464952296,MO93,0.0,1944.285629,jardin,12.0,jardin.shp,jardin,1944.2856290100594
147227574.0,14.1952125737022,MO93,0.0,12.1961405,jardin,12.0,jardin.shp,jardin,12.196140499552575
126290200.0,145.24599068496,MO93,0.0,578.5582415,jardin,12.0,jardin.shp,jardin,578.5582414972547
126290181.0,22.9920672518581,MO93,0.0,31.3319345,jardin,12.0,jardin.shp,jardin,31.331934501101934
3826456.0,2221.8529967934,MO93,0.0,14123.9084655,jardin,12.0,jardin.shp,jardin,14123.908465520271
140562073.0,499.160104401338,MO93,0.0,2976.671397,jardin,12.0,jardin.shp,jardin,2976.67139698781
140686519.0,178.374374698216,MO93,0.0,438.687642,jardin,12.0,jardin.shp,jardin,438.6876419907667
140562340.0,246.951664092176,MO93,0.0,898.0668525,jardin,12.0,jardin.shp,jardin,898.0668524943259
144963333.0,106.242334105262,MO93,0.0,430.9645115,jardin,12.0,jardin.shp,jardin,430.96451150369967
144964321.0,74.555080357871,MO93,0.0,310.6054515,jardin,12.0,jardin.shp,jardin,310.60545150013843
144963317.0,88.0299172302687,MO93,0.0,368.8044265,jardin,12.0,jardin.shp,jardin,368.80442650004846
144964318.0,141.819977390694,MO93,0.0,615.2244235,jardin,12.0,jardin.shp,jardin,615.2244235023479
144964306.0,48.7329146516117,MO93,0.0,73.999683,jardin,12.0,jardin.shp,jardin,73.99968299932098
135037199.0,2801.32367845376,MO93,0.0,20343.4238285,jardin,12.0,jardin.shp,jardin,20343.423828489842
144963323.0,84.3132404027236,MO93,0.0,277.282124,jardin,12.0,jardin.shp,jardin,277.282124005278
144963320.0,28.3316910060245,MO93,0.0,63.8665415,jardin,12.0,jardin.shp,jardin,63.86654150016039
144963335.0,130.840596193055,MO93,0.0,971.7601105,jardin,12.0,jardin.shp,jardin,971.7601105028118
132209145.0,10.3759547171111,MO93,0.0,6.4522255,jardin,12.0,jardin.shp,jardin,6.452225499828171
132209999.0,37.2824388466016,MO93,0.0,67.8990145,jardin,12.0,jardin.shp,jardin,67.89901450075715
132965466.0,9.42199495431195,MO93,0.0,5.4642705,jardin,12.0,jardin.shp,jardin,5.464270499590885
144963359.0,405.129530563645,MO93,0.0,1494.6656915,jardin,12.0,jardin.shp,jardin,1494.6656914955302
3838597.0,759.791309450674,MO93,0.0,7577.870316,jardin,12.0,jardin.shp,jardin,7577.8703160042205
147627029.0,339.318195393005,MO93,0.0,2662.402234,jardin,12.0,jardin.shp,jardin,2662.402233986513
144963350.0,59.5424398395211,MO93,0.0,192.3899815,jardin,12.0,jardin.shp,jardin,192.3899814968102
132209410.0,132.311733672876,MO93,0.0,901.5105115,jardin,12.0,jardin.shp,jardin,437.22633472844234
132209411.0,398.354499821265,MO93,0.0,1337.946085,jardin,12.0,jardin.shp,jardin,1301.8614686805795
144964310.0,102.389222487574,MO93,0.0,135.673092,jardin,12.0,jardin.shp,jardin,135.67309200474546
144964309.0,112.291402756993,MO93,0.0,756.2537745,jardin,12.0,jardin.shp,jardin,464.40501390577253
144963324.0,92.3273654493767,MO93,0.0,440.1321055,jardin,12.0,jardin.shp,jardin,440.1321054963954
144963319.0,92.8769096984143,MO93,0.0,411.224505,jardin,12.0,jardin.shp,jardin,411.224504999638
144963318.0,40.2901059026547,MO93,0.0,58.584376,jardin,12.0,jardin.shp,jardin,58.584376000381006
144964320.0,28.1916613247646,MO93,0.0,63.2361895,jardin,12.0,jardin.shp,jardin,63.23618949971204
144963332.0,59.0490921148388,MO93,0.0,55.32325,jardin,12.0,jardin.shp,jardin,55.323249997617
144964319.0,90.7994676541203,MO93,0.0,402.0765745,jardin,12.0,jardin.shp,jardin,402.0765745000906
144963336.0,131.102212809749,MO93,0.0,971.073924,jardin,12.0,jardin.shp,jardin,971.073924004659
144963326.0,2625.49813913796,MO93,0.0,22379.1539035,jardin,12.0,jardin.shp,jardin,22318.923296911413
135176051.0,227.35112012173,MO93,0.0,320.9634765,jardin,12.0,jardin.shp,jardin,320.96347650809406
3828580.0,177.617198616047,MO93,0.0,746.001763,foret,18.0,MOVD_CAD_TPR_CSBOIS_S.shp,foret,746.0017629925159
132488582.0,104.9942864022,MO93,0.0,475.892908,jardin,12.0,jardin.shp,jardin,475.8929079991792
132488584.0,21.237610163693,MO93,0.0,28.3451955,jardin,12.0,jardin.shp,jardin,28.34519549964871
132488581.0,479.921633811563,MO93,0.0,2726.8736545,jardin,12.0,jardin.shp,jardin,2726.873654499322
132489144.0,68.1854727045231,MO93,0.0,176.077759,jardin,12.0,jardin.shp,jardin,176.0777589989343
132488580.0,67.9685913763334,MO93,0.0,176.9972945,jardin,12.0,jardin.shp,jardin,176.9972944992271
135176902.0,421.058292228442,MO93,0.0,2442.665518,jardin,12.0,jardin.shp,jardin,2442.665517997359
135176904.0,128.074537882091,MO93,0.0,99.184679,jardin,12.0,jardin.shp,jardin,99.18467899091151
135175691.0,344.480447955502,MO93,0.0,465.73751,jardin,12.0,jardin.shp,jardin,465.7375100016378
132209160.0,78.9175995594848,MO93,0.0,376.6203825,jardin,12.0,jardin.shp,jardin,181.18212905369268
138041300.0,174.645005387239,MO93,0.0,1543.827923,jardin,12.0,jardin.shp,jardin,1543.8279229998084
144963347.0,130.663588001244,MO93,0.0,965.28563,jardin,12.0,jardin.shp,jardin,965.2856299991373
132209153.0,22.679524530813,MO93,0.0,25.3736915,jardin,12.0,jardin.shp,jardin,25.37369150016511
29853382.0,41.5862589918314,MO93,0.0,73.4219565,jardin,12.0,jardin.shp,jardin,73.42195650019153
138041257.0,183.038784124979,MO93,0.0,1362.866329,jardin,12.0,jardin.shp,jardin,1362.866329000387
138041258.0,87.7152964852927,MO93,0.0,127.897471,jardin,12.0,jardin.shp,jardin,127.8974710009046
29853325.0,52.2446371372887,MO93,0.0,97.0296365,jardin,12.0,jardin.shp,jardin,97.0296364995785
144963346.0,132.788952922773,MO93,0.0,1041.392233,jardin,12.0,jardin.shp,jardin,1041.3922330064813
132209994.0,155.547323661818,MO93,0.0,436.898012,jardin,12.0,jardin.shp,jardin,385.6219020071076
29853380.0,304.825437154054,MO93,0.0,1463.356369,jardin,12.0,jardin.shp,jardin,1463.3563690027672
138041255.0,74.6086473979597,MO93,0.0,84.8956095,jardin,12.0,jardin.shp,jardin,84.89560950002229
144963348.0,451.264876323571,MO93,0.0,5215.241532,jardin,12.0,jardin.shp,jardin,5215.24153200437
29853323.0,374.092983450074,MO93,0.0,2044.306323,jardin,12.0,jardin.shp,jardin,2044.3063230028838
138041256.0,21.7874701781907,MO93,0.0,10.0118515,jardin,12.0,jardin.shp,jardin,10.011851499834203
132968081.0,619.085180420412,MO93,0.0,1889.192119,pre,9.0,champ_pre_paturage.shp,pre,1840.7771009546925
29853384.0,128.706054593644,MO93,0.0,55.3208115,jardin,12.0,jardin.shp,jardin,55.32081149901682
29853326.0,24.7823564760972,MO93,0.0,28.632493,jardin,12.0,jardin.shp,jardin,28.63249300112495
29853329.0,46.3044969722055,MO93,0.0,129.089469,jardin,12.0,jardin.shp,jardin,129.0894689977188
29853319.0,46.7747721344925,MO93,0.0,79.7924475,jardin,12.0,jardin.shp,jardin,79.79244750016416
29853318.0,85.9298846115358,MO93,0.0,422.215612,jardin,12.0,jardin.shp,jardin,422.2156119991966
29853355.0,548.907417473459,MO93,0.0,4650.6475785,jardin,12.0,jardin.shp,jardin,4528.3712677830445
29853330.0,45.3332921793909,MO93,0.0,107.6695945,jardin,12.0,jardin.shp,jardin,107.66959450082526
144963349.0,96.9542633498961,MO93,0.0,556.266854,jardin,12.0,jardin.shp,jardin,556.2668539997053
29853379.0,172.272403432946,MO93,0.0,553.607584,jardin,12.0,jardin.shp,jardin,553.6075839919413
29853327.0,35.9905051417178,MO93,0.0,83.771038,jardin,12.0,jardin.shp,jardin,83.77103800012183
29853324.0,30.6084006339464,MO93,0.0,57.233272,jardin,12.0,jardin.shp,jardin,57.23327199840661
147811296.0,56.2384635008343,MO93,0.0,108.644052,jardin,12.0,jardin.shp,jardin,108.64405199995475
144963341.0,157.596887491699,MO93,0.0,743.640481,jardin,12.0,jardin.shp,jardin,743.6404810012734
144963344.0,84.1832621630732,MO93,0.0,375.0583355,jardin,12.0,jardin.shp,jardin,375.05833549670916
144963342.0,113.806634936272,MO93,0.0,741.0865835,jardin,12.0,jardin.shp,jardin,741.0865834992258
144963343.0,83.099131923478,MO93,0.0,367.5553205,jardin,12.0,jardin.shp,jardin,367.55532049785074
3839594.0,284.091609908942,MO93,0.0,1036.7698515,jardin,12.0,jardin.shp,jardin,897.3553001508106
3831067.0,1916.08764633052,NP,2.0,16477.4154405,jardin,12.0,jardin.shp,jardin,661.986549597291
82295542.0,107.213862912838,MO93,0.0,316.9846035,jardin,12.0,jardin.shp,jardin,316.98460349860585
3841223.0,38.1680723200442,MO93,0.0,57.950042,jardin,12.0,jardin.shp,jardin,57.950041999796774
132488591.0,14.6877323346192,MO93,0.0,12.3403055,jardin,12.0,jardin.shp,jardin,12.340305500150095
132488594.0,90.435448813815,MO93,0.0,33.8796585,jardin,12.0,jardin.shp,jardin,33.87965850020092
132488579.0,44.2172903598872,MO93,0.0,56.547759,jardin,12.0,jardin.shp,jardin,56.547759002343135
132488788.0,82.1673605040001,MO93,0.0,142.042856,jardin,12.0,jardin.shp,jardin,142.04285599860364
132488578.0,51.2088701804788,MO93,0.0,110.6412275,jardin,12.0,jardin.shp,jardin,110.64122749931695
132488585.0,61.9372231127241,MO93,0.0,86.379052,jardin,12.0,jardin.shp,jardin,86.37905200043568
140909709.0,334.501988825675,MO93,0.0,1289.635756,jardin,12.0,jardin.shp,jardin,1289.6357559918042
146482518.0,73.9427298240931,MO93,0.0,294.809916,jardin,12.0,jardin.shp,jardin,294.80991600168113
146482514.0,67.465453271995,MO93,0.0,192.1452925,jardin,12.0,jardin.shp,jardin,192.14529250101725
146482516.0,84.6578682329462,MO93,0.0,248.4528315,jardin,12.0,jardin.shp,jardin,248.4528314994056
29853331.0,54.7552320165447,MO93,0.0,166.602029,jardin,12.0,jardin.shp,jardin,166.60202900201506
29853381.0,25.7787835828584,MO93,0.0,25.4536445,jardin,12.0,jardin.shp,jardin,25.453644499222104
29853356.0,73.7536604915257,MO93,0.0,209.065459,jardin,12.0,jardin.shp,jardin,209.06545900067272
29853332.0,52.6982123144186,MO93,0.0,162.426805,jardin,12.0,jardin.shp,jardin,162.42680500279118
3826262.0,62.8520093212578,MO93,0.0,232.51157,jardin,12.0,jardin.shp,jardin,232.51156999778195
29853320.0,173.082518726828,MO93,0.0,1033.139495,jardin,12.0,jardin.shp,jardin,1033.1394950074985
29853378.0,23.2266301706401,MO93,0.0,21.3667765,jardin,12.0,jardin.shp,jardin,21.36677650012685
29853333.0,49.0413425810297,MO93,0.0,155.8166905,jardin,12.0,jardin.shp,jardin,155.81669050040776
29853334.0,44.1483185076016,MO93,0.0,91.9271495,jardin,12.0,jardin.shp,jardin,91.92714950124599
29853328.0,54.1792239687495,MO93,0.0,142.445822,jardin,12.0,jardin.shp,jardin,142.4458220005933
3843786.0,156.321856290959,NP,2.0,1044.3948105,jardin,12.0,jardin.shp,jardin,1044.3948105011668
87426856.0,194.608925319561,NP,2.0,428.073647,jardin,12.0,jardin.shp,jardin,428.073646998735
87426895.0,225.915095600242,NP,2.0,595.8393575,jardin,12.0,jardin.shp,jardin,595.8393574911149
82443144.0,57.2019193736548,NP,2.0,87.264203,jardin,12.0,jardin.shp,jardin,87.26420300789395
92114580.0,1265.25499007211,NP,2.0,5244.635581,jardin,12.0,jardin.shp,jardin,5244.635581007029
91889626.0,370.205469042446,NP,2.0,1100.842098,jardin,12.0,jardin.shp,jardin,1100.842097990576
92133562.0,85.2889319267122,NP,2.0,177.131238,jardin,12.0,jardin.shp,jardin,177.1312379996856
92114597.0,154.892124062994,NP,2.0,216.885863,jardin,12.0,jardin.shp,jardin,216.88586300229463
92133568.0,15.5703941750403,NP,2.0,12.1616065,jardin,12.0,jardin.shp,jardin,12.161606500116989
92114592.0,219.374572245381,NP,2.0,1724.7708435,foret,18.0,MOVD_CAD_TPR_CSBOIS_S.shp,foret,1724.7708434955848
92114574.0,72.0773078080577,NP,2.0,140.2715705,jardin,12.0,jardin.shp,jardin,140.27157050000275
92114576.0,293.127070782961,NP,2.0,1162.511066,jardin,12.0,jardin.shp,jardin,1162.5110659981513
92114605.0,78.4683446149678,NP,2.0,172.377212,jardin,12.0,jardin.shp,jardin,172.37721199847422
92114600.0,105.25269772633,NP,2.0,439.314598,jardin,12.0,jardin.shp,jardin,439.31459799938233
92114604.0,34.7764540138203,NP,2.0,40.26834,jardin,12.0,jardin.shp,jardin,40.26834000222591
92114571.0,197.919776331984,NP,2.0,1390.244695,jardin,12.0,jardin.shp,jardin,1390.2446949975956
92114570.0,233.616301701939,NP,2.0,2028.5341415,jardin,12.0,jardin.shp,jardin,2028.5341415009516
92114577.0,208.867729300252,NP,2.0,671.151896,jardin,12.0,jardin.shp,jardin,671.1518959955677
92114603.0,97.618097621333,NP,2.0,126.4719815,jardin,12.0,jardin.shp,jardin,126.47198148651107
92114569.0,95.7533231829458,NP,2.0,393.536202,jardin,12.0,jardin.shp,jardin,393.536201999923
92114578.0,314.778148757293,NP,2.0,2097.421158,jardin,12.0,jardin.shp,jardin,2097.421158000263
92133570.0,51.9926543778826,NP,2.0,77.3956075,jardin,12.0,jardin.shp,jardin,77.39560750128612
92133571.0,5.67510086573442,NP,2.0,0.90948,jardin,12.0,jardin.shp,jardin,0.90948000030695
92133544.0,33.8025629860788,NP,2.0,25.4319575,jardin,12.0,jardin.shp,jardin,25.431957498986648
92133545.0,104.765104793904,NP,2.0,410.78657,jardin,12.0,jardin.shp,jardin,410.7865700052904
92133543.0,30.6762681359993,NP,2.0,22.382485,jardin,12.0,jardin.shp,jardin,22.38248500038194
92114564.0,268.215037429446,NP,2.0,1553.5434645,jardin,12.0,jardin.shp,jardin,1553.5434644989084
92133537.0,16.8475684485377,NP,2.0,18.9320295,jardin,12.0,jardin.shp,jardin,18.93202949983889
92114563.0,87.7407428915192,NP,2.0,117.731171,jardin,12.0,jardin.shp,jardin,117.73117099769082
92114562.0,99.0875278174738,NP,2.0,98.6366105,jardin,12.0,jardin.shp,jardin,98.63661050060924
92133560.0,16.2565708544359,NP,2.0,14.981674,jardin,12.0,jardin.shp,jardin,14.981674000887548
31737582.0,77.0829036978687,NP,2.0,78.194516,jardin,12.0,jardin.shp,jardin,78.19451599778426
31737580.0,26.8472216617334,NP,2.0,43.431858,jardin,12.0,jardin.shp,jardin,43.43185799973098
138601503.0,14.7692087643236,NP,2.0,13.1164295,jardin,12.0,jardin.shp,jardin,13.116429498932641
92133554.0,94.5431408741291,NP,2.0,154.5188535,jardin,12.0,jardin.shp,jardin,154.51885349936677
92133555.0,33.8915087675479,NP,2.0,42.427019,jardin,12.0,jardin.shp,jardin,42.42701900149658
92133548.0,404.810521263045,NP,2.0,1634.4312755,jardin,12.0,jardin.shp,jardin,1634.4312755069132
139337575.0,318.273638242023,NP,2.0,849.58931,jardin,12.0,jardin.shp,jardin,849.5893099976264
92133502.0,14.0720056468146,NP,2.0,7.991027,jardin,12.0,jardin.shp,jardin,7.9910269989471425
92133501.0,216.025387523431,NP,2.0,974.562842,jardin,12.0,jardin.shp,jardin,974.5628419942636
92114561.0,84.9725069743226,NP,2.0,89.958282,jardin,12.0,jardin.shp,jardin,89.95828199822625
92133535.0,103.125029722086,NP,2.0,108.6799775,jardin,12.0,jardin.shp,jardin,108.67997750147084
92133534.0,195.100924242832,NP,2.0,300.935281,jardin,12.0,jardin.shp,jardin,300.935281008838
92114617.0,62.1080715334615,NP,2.0,54.83076,jardin,12.0,jardin.shp,jardin,54.830760003316456
92133536.0,11.6013270745378,NP,2.0,6.674882,jardin,12.0,jardin.shp,jardin,6.67488200025771
92133524.0,29.8046403234719,NP,2.0,44.340755,jardin,12.0,jardin.shp,jardin,44.34075499966275
92133525.0,17.8708001105299,NP,2.0,19.70407,jardin,12.0,jardin.shp,jardin,19.704069999798733
92133526.0,40.5553227095295,NP,2.0,85.31075,jardin,12.0,jardin.shp,jardin,85.31075000012154
92133572.0,87.1930546125414,NP,2.0,201.2073545,jardin,12.0,jardin.shp,jardin,201.20735450086698
3841807.0,69.0886649277276,NP,2.0,163.428252,jardin,12.0,jardin.shp,jardin,163.42825199941112
92114568.0,26.2282067396492,NP,2.0,24.332351,jardin,12.0,jardin.shp,jardin,24.332351000533237
92114567.0,243.910228056526,NP,2.0,1590.510836,jardin,12.0,jardin.shp,jardin,1590.510835997335
92114602.0,97.5094261317296,NP,2.0,249.414057,jardin,12.0,jardin.shp,jardin,249.4140570029818
92114608.0,120.411200654459,NP,2.0,399.1517665,jardin,12.0,jardin.shp,jardin,399.15176650120304
92114566.0,97.2343726970865,NP,2.0,196.508418,jardin,12.0,jardin.shp,jardin,196.50841799916853
92114565.0,373.813924664151,NP,2.0,1862.7817835,jardin,12.0,jardin.shp,jardin,1862.7817834987243
3837270.0,1057.98210976692,NP,2.0,3583.935755,jardin,12.0,jardin.shp,jardin,3583.935755018026
3828124.0,49.7361861377449,NP,2.0,56.3934475,jardin,12.0,jardin.shp,jardin,56.39344749976765
3829785.0,14.702326355657,NP,2.0,12.5727,jardin,12.0,jardin.shp,jardin,12.572699999687215
92114549.0,93.2525701574434,NP,2.0,290.3793665,jardin,12.0,jardin.shp,jardin,290.3793665023357
92114548.0,44.4458359521561,NP,2.0,57.0658115,jardin,12.0,jardin.shp,jardin,57.06581150045032
92114546.0,31.6397227821806,NP,2.0,56.7479915,jardin,12.0,jardin.shp,jardin,56.74799149958767
92114544.0,9.296619298783,NP,2.0,5.4014,jardin,12.0,jardin.shp,jardin,5.401400000030547
87452622.0,19.4496486704,NP,2.0,14.2769325,jardin,12.0,jardin.shp,jardin,14.276932500466467
87452621.0,17.5922710076375,NP,2.0,20.2977555,jardin,12.0,jardin.shp,jardin,20.297755499358264
28735851.0,56.4170983963486,NP,2.0,190.387635,jardin,12.0,jardin.shp,jardin,190.3876349968873
92114543.0,9.31664350685329,NP,2.0,5.4248,jardin,12.0,jardin.shp,jardin,5.42480000014864
28735850.0,80.031568537927,NP,2.0,383.24005,jardin,12.0,jardin.shp,jardin,383.24004999854935
29815644.0,125.519007659678,NP,2.0,494.351915,jardin,12.0,jardin.shp,jardin,494.3519149979633
31031595.0,31.7366488055764,NP,2.0,33.2678355,jardin,12.0,jardin.shp,jardin,33.267835498641176
92133509.0,34.9642413122057,NP,2.0,35.1522855,jardin,12.0,jardin.shp,jardin,35.152285500180554
92133508.0,34.8785595473992,NP,2.0,68.9610175,jardin,12.0,jardin.shp,jardin,68.96101749911226
92133505.0,80.2645975947494,NP,2.0,205.1742885,jardin,12.0,jardin.shp,jardin,205.17428849974198
3827114.0,63.0554180899909,NP,2.0,137.7201255,jardin,12.0,jardin.shp,jardin,137.7201254989742
3844185.0,32.1761572147784,NP,2.0,50.321885,jardin,12.0,jardin.shp,jardin,50.32188500160469
3838213.0,2656.13042045807,NP,2.0,15019.621583,jardin,12.0,jardin.shp,jardin,15019.621582990356
3838226.0,833.444957563844,NP,2.0,4296.440696,jardin,12.0,jardin.shp,jardin,4296.440696009509
3842406.0,60.7309629409618,NP,2.0,82.7474945,jardin,12.0,jardin.shp,jardin,82.74749450148809
91968155.0,47.828593456375,NP,2.0,120.844607,jardin,12.0,jardin.shp,jardin,120.84460699986197
3833836.0,3.74832502589182,NP,2.0,0.793,jardin,12.0,jardin.shp,jardin,0.7929999999066348
92133500.0,82.365493446473,NP,2.0,142.991222,jardin,12.0,jardin.shp,jardin,142.99122199648602
92133504.0,382.380949725818,NP,2.0,1465.0248185,jardin,12.0,jardin.shp,jardin,1465.0248184949978
83921162.0,178.969321412178,NP,2.0,120.908936,jardin,12.0,jardin.shp,jardin,120.90893599893978
126817141.0,99.1588540604682,NP,2.0,165.8857105,jardin,12.0,jardin.shp,jardin,165.8857104982812
92133518.0,8.88307764861309,NP,2.0,6.267195,jardin,12.0,jardin.shp,jardin,6.267195000046113
92133517.0,8.8537193360217,NP,2.0,6.227357,jardin,12.0,jardin.shp,jardin,6.227357000013656
92133516.0,20.6822000976477,NP,2.0,12.8562875,jardin,12.0,jardin.shp,jardin,12.85628750013092
3840059.0,12.1779555578452,NP,2.0,5.649015,jardin,12.0,jardin.shp,jardin,5.64901500022145
66917591.0,81.7141849862515,NP,2.0,57.6547355,jardin,12.0,jardin.shp,jardin,57.65473550015518
3842286.0,1401.20091014784,NP,2.0,7334.8253595,jardin,12.0,jardin.shp,jardin,7334.825359493096
31031596.0,74.1535677451067,NP,2.0,41.613434,jardin,12.0,jardin.shp,jardin,41.613434002264086
3838219.0,1106.31005150079,NP,2.0,4899.2656625,jardin,12.0,jardin.shp,jardin,4899.265662497165
3842772.0,35.4859353622738,NP,2.0,20.3003,jardin,12.0,jardin.shp,jardin,20.300300001242707
3842139.0,382.562216184425,NP,2.0,2620.5797105,jardin,12.0,jardin.shp,jardin,2620.5797104908143
3849619.0,36.0306247236307,NP,2.0,71.8918,jardin,12.0,jardin.shp,jardin,71.89180000087646
32224992.0,531.072375950366,NP,2.0,2824.9011055,jardin,12.0,jardin.shp,jardin,2824.9011055090937
140053056.0,87.6179088489747,NP,2.0,184.2912675,jardin,12.0,jardin.shp,jardin,184.29126750070387
140053057.0,77.4403973990528,NP,2.0,175.791911,jardin,12.0,jardin.shp,jardin,4.413058984521955
3842387.0,55.4631618763447,NP,2.0,43.0609,jardin,12.0,jardin.shp,jardin,43.06090000238586
3830851.0,270.086085732875,NP,2.0,4116.3453805,jardin,12.0,jardin.shp,jardin,2003.6703600032008
133517867.0,32.6593276486869,MO93,0.0,58.4453485,jardin,12.0,jardin.shp,jardin,58.44534850224452
132488593.0,54.4398284867657,MO93,0.0,66.180039,jardin,12.0,jardin.shp,jardin,66.18003900214552
132488595.0,77.887414480239,MO93,0.0,83.248433,jardin,12.0,jardin.shp,jardin,83.24843299522293
28151040.0,2238.68397985598,MO93,0.0,18372.172186,jardin,12.0,jardin.shp,jardin,18372.172185985797
132488592.0,63.4485769370353,MO93,0.0,100.8401215,jardin,12.0,jardin.shp,jardin,100.84012150387234
3825742.0,554.333033859132,MO93,0.0,3458.352091,jardin,12.0,jardin.shp,jardin,3458.35209100482
135036130.0,46.6713756388623,MO93,0.0,102.5719525,jardin,12.0,jardin.shp,jardin,102.57195250007996
135036029.0,59.277301801564,MO93,0.0,190.9142815,jardin,12.0,jardin.shp,jardin,190.91428150254524
133517929.0,134.373012909249,MO93,0.0,238.304125,jardin,12.0,jardin.shp,jardin,238.30412500306508
133517865.0,102.082693385216,MO93,0.0,212.7925585,jardin,12.0,jardin.shp,jardin,212.792558495336
31951030.0,78.1058398519964,MO93,0.0,146.9687805,jardin,12.0,jardin.shp,jardin,146.96878050701304
3841226.0,183.320476818495,MO93,0.0,320.635172,jardin,12.0,jardin.shp,jardin,320.6351720013116
140330670.0,74.0469534908511,MO93,0.0,127.6682145,jardin,12.0,jardin.shp,jardin,127.66821450118562
140330672.0,94.6631345258649,MO93,0.0,136.618149,jardin,12.0,jardin.shp,jardin,136.61814899773498
3831485.0,52.8373455403699,MO93,0.0,55.7624435,jardin,12.0,jardin.shp,jardin,55.76244349891187
136416079.0,80.2753386178339,NP,2.0,149.2118455,jardin,12.0,jardin.shp,jardin,149.21184550401398
136416172.0,80.2656456189324,NP,2.0,149.0956125,jardin,12.0,jardin.shp,jardin,149.095612503607
136416073.0,42.9593151250027,NP,2.0,113.328819,jardin,12.0,jardin.shp,jardin,113.32881900111389
136416074.0,80.2834681348538,NP,2.0,149.2807005,jardin,12.0,jardin.shp,jardin,149.280700501849
3841643.0,201.899634778834,NP,2.0,306.8085775,jardin,12.0,jardin.shp,jardin,306.80857750970017
83921149.0,42.7162729387083,NP,2.0,71.62206,jardin,12.0,jardin.shp,jardin,71.62205999927671
136416081.0,42.9612957999059,NP,2.0,113.3377045,jardin,12.0,jardin.shp,jardin,113.33770450053572
83921126.0,66.9338999882322,NP,2.0,64.2362255,jardin,12.0,jardin.shp,jardin,64.23622549972536
83921140.0,189.75288903803,NP,2.0,703.6820995,jardin,12.0,jardin.shp,jardin,703.6820995031495
83921158.0,53.8974885680043,NP,2.0,151.4622525,jardin,12.0,jardin.shp,jardin,151.4622525006134
66917578.0,14.8000242194861,NP,2.0,13.7873295,jardin,12.0,jardin.shp,jardin,13.787329499100908
66917582.0,47.137468213464,NP,2.0,60.1642155,jardin,12.0,jardin.shp,jardin,60.1642154999116
122493426.0,42.1064631439981,NP,2.0,39.902744,jardin,12.0,jardin.shp,jardin,39.90274400026185
122493425.0,101.123435080018,NP,2.0,192.4699955,jardin,12.0,jardin.shp,jardin,192.46999549776487
97473526.0,201.004473346804,NP,2.0,473.666043,jardin,12.0,jardin.shp,jardin,473.66604300102847
137300113.0,504.256890465558,MO93,0.0,2106.853013,jardin,12.0,jardin.shp,jardin,2106.8530130084996
28151038.0,38.2708329040633,MO93,0.0,52.2295145,jardin,12.0,jardin.shp,jardin,52.22951449992756
3824915.0,332.868868858306,MO93,0.0,1449.8974105,jardin,12.0,jardin.shp,jardin,1449.8974104935473
28151036.0,90.6375387285738,MO93,0.0,73.1088655,jardin,12.0,jardin.shp,jardin,73.10886550212587
132924814.0,160.465076825824,MO93,0.0,519.148922,jardin,12.0,jardin.shp,jardin,519.1489219933875
132924812.0,82.9598847834931,MO93,0.0,123.8515035,jardin,12.0,jardin.shp,jardin,123.85150350666521
132924815.0,241.394927603584,MO93,0.0,289.5784455,jardin,12.0,jardin.shp,jardin,289.57844549834783
92586695.0,259.869624521907,NP,2.0,69.545309,jardin,12.0,jardin.shp,jardin,69.54530900868171
132924811.0,41.3460208412449,MO93,0.0,63.8114725,jardin,12.0,jardin.shp,jardin,63.81147250163944
3830262.0,174.435228432857,NP,2.0,1026.355536,jardin,12.0,jardin.shp,jardin,1026.355535998699
66917549.0,256.90028175118,NP,2.0,2039.7053525,jardin,12.0,jardin.shp,jardin,2039.7053524858707
97473530.0,58.9970710327393,NP,2.0,209.0238855,jardin,12.0,jardin.shp,jardin,209.02388549844142
66917543.0,53.262512415016,NP,2.0,156.48544,jardin,12.0,jardin.shp,jardin,156.48544000069816
66917562.0,81.616269255129,NP,2.0,181.166095,jardin,12.0,jardin.shp,jardin,181.16609500084812
66917563.0,377.911397152999,NP,2.0,1438.0370515,jardin,12.0,jardin.shp,jardin,1438.0370514930562
66917561.0,437.536126036234,NP,2.0,1740.525105,jardin,12.0,jardin.shp,jardin,1740.5251050158454
133361832.0,828.382432908822,NP,2.0,3265.125581,jardin,12.0,jardin.shp,jardin,3265.1255810073685
66917576.0,332.116681156742,NP,2.0,1785.2592805,jardin,12.0,jardin.shp,jardin,1785.2592805054735
66917564.0,183.128605526423,NP,2.0,882.725628,jardin,12.0,jardin.shp,jardin,882.7256280043282
66917535.0,374.595504145891,NP,2.0,1595.3962985,jardin,12.0,jardin.shp,jardin,1595.3962984993875
74352474.0,599.082332368433,MO93,0.0,2641.0119365,jardin,12.0,jardin.shp,jardin,272.7375165816556
132924819.0,145.990375169791,MO93,0.0,351.647898,jardin,12.0,jardin.shp,jardin,351.64789799131376
132924817.0,220.504681856428,MO93,0.0,659.059184,jardin,12.0,jardin.shp,jardin,659.0591840015746
132924818.0,55.2376747844453,MO93,0.0,94.708984,jardin,12.0,jardin.shp,jardin,94.7089839972095
132924883.0,78.95649406328,MO93,0.0,118.0215205,jardin,12.0,jardin.shp,jardin,118.02152049901207
132924820.0,173.816775959036,NP,2.0,88.5845145,jardin,12.0,jardin.shp,jardin,88.58451450274826
3843754.0,940.39342830072,NP,2.0,3764.4691425,jardin,12.0,jardin.shp,jardin,3762.181470822332
47177677.0,60.6654648105706,NP,2.0,31.3160065,jardin,12.0,jardin.shp,jardin,31.316006501085617
85043367.0,57.2579386353475,NP,2.0,70.594783,jardin,12.0,jardin.shp,jardin,63.60603747162871
3843793.0,1418.5938767924,NP,2.0,5504.1948125,jardin,12.0,jardin.shp,jardin,5504.194812516682
3844325.0,156.126190275957,NP,2.0,949.71582,jardin,12.0,jardin.shp,jardin,949.7158199991859
3828824.0,52.3904332232872,NP,2.0,130.58115,jardin,12.0,jardin.shp,jardin,130.58115000179725
135159835.0,166.88318183368,NP,2.0,169.2795465,jardin,12.0,jardin.shp,jardin,169.2795465028581
133615879.0,131.963650482484,NP,2.0,132.55262,jardin,12.0,jardin.shp,jardin,132.55262000569945
3841476.0,56.4706994219536,NP,2.0,193.8367625,jardin,12.0,jardin.shp,jardin,193.83676250570215
84121824.0,86.1063149829055,NP,2.0,252.9151585,jardin,12.0,jardin.shp,jardin,252.91515849378126
84121770.0,108.738248256361,NP,2.0,552.29955,jardin,12.0,jardin.shp,jardin,552.2995500025099
135159836.0,193.273588499194,NP,2.0,414.539584,jardin,12.0,jardin.shp,jardin,414.53958400066495
84121655.0,109.360249054632,NP,2.0,558.4642295,jardin,12.0,jardin.shp,jardin,558.4642295057382
66917588.0,43.4600784288617,NP,2.0,22.3235,jardin,12.0,jardin.shp,jardin,22.32349999967427
66917575.0,43.2246282062463,NP,2.0,22.297989,jardin,12.0,jardin.shp,jardin,22.29798900034086
66917567.0,34.8039637796649,NP,2.0,15.532316,jardin,12.0,jardin.shp,jardin,15.532316000992537
66917544.0,124.533442411946,NP,2.0,57.7004605,jardin,12.0,jardin.shp,jardin,57.70046050323468
66917532.0,74.1029835053427,NP,2.0,91.9191735,jardin,12.0,jardin.shp,jardin,91.91917350303687
66917528.0,61.5086017476361,NP,2.0,74.485852,jardin,12.0,jardin.shp,jardin,74.48585199841493
66917526.0,14.8881512014595,NP,2.0,12.249974,jardin,12.0,jardin.shp,jardin,12.24997400042815
66917548.0,13.0178769598972,NP,2.0,8.37893,jardin,12.0,jardin.shp,jardin,8.378930000195911
66917556.0,27.3012908570744,NP,2.0,16.7339,jardin,12.0,jardin.shp,jardin,16.733899999992133
142373761.0,76.1105834914368,NP,2.0,197.343946,jardin,12.0,jardin.shp,jardin,197.3439460035451
66917560.0,17.2710792736598,NP,2.0,9.3305305,jardin,12.0,jardin.shp,jardin,9.33053050053794
66917557.0,8.75178262846261,NP,2.0,4.4226405,jardin,12.0,jardin.shp,jardin,4.42264049975083
66917551.0,23.5398719785048,NP,2.0,7.833399,jardin,12.0,jardin.shp,jardin,7.833399000373182
66917547.0,15.6664795184153,NP,2.0,5.0941945,jardin,12.0,jardin.shp,jardin,5.094194500453519
66917531.0,60.6569987673808,NP,2.0,36.848722,jardin,12.0,jardin.shp,jardin,36.848721998412934
66917542.0,19.8220880832757,NP,2.0,10.322869,jardin,12.0,jardin.shp,jardin,10.322869000495482
66917529.0,40.3984234835579,NP,2.0,85.301454,jardin,12.0,jardin.shp,jardin,85.30145400066652
132748421.0,497.825362047233,NP,2.0,1736.6806925,jardin,12.0,jardin.shp,jardin,1736.680692502173
3842329.0,31.6286752069938,NP,2.0,52.34824,jardin,12.0,jardin.shp,jardin,52.34823999843629
3842513.0,27.5240727827651,NP,2.0,15.61521,jardin,12.0,jardin.shp,jardin,15.61521000008328
26608397.0,54.4027663638099,NP,2.0,155.703775,jardin,12.0,jardin.shp,jardin,155.703775004391
26608369.0,138.431289052213,NP,2.0,185.584618,jardin,12.0,jardin.shp,jardin,185.5846180058958
92330853.0,378.322689158288,NP,2.0,2607.50109,jardin,12.0,jardin.shp,jardin,2607.5010899932436
3841475.0,840.635985184221,NP,2.0,10695.9300915,jardin,12.0,jardin.shp,jardin,10695.930091500002
26608382.0,34.2979196762546,NP,2.0,56.82605,jardin,12.0,jardin.shp,jardin,56.826050001849936
126931077.0,76.8930140451963,NP,2.0,66.9296055,jardin,12.0,jardin.shp,jardin,66.92960549961364
3828827.0,17.7383718576804,NP,2.0,12.41045,jardin,12.0,jardin.shp,jardin,12.41044999999036
3843254.0,402.227580688137,NP,2.0,828.4110155,jardin,12.0,jardin.shp,jardin,828.4110154962664
47177667.0,330.529741707861,NP,2.0,602.5419135,jardin,12.0,jardin.shp,jardin,602.5419135082832
37386137.0,85.6128441174522,NP,2.0,189.6149505,jardin,12.0,jardin.shp,jardin,189.61495050171035
29853322.0,37.0572756628555,MO93,0.0,59.362047,jardin,12.0,jardin.shp,jardin,59.3620470006309
29853335.0,47.7938588597905,MO93,0.0,132.979569,jardin,12.0,jardin.shp,jardin,132.97956899866963
29853321.0,37.0407060307596,MO93,0.0,63.198311,jardin,12.0,jardin.shp,jardin,63.19831099980719
29853336.0,33.2456225952814,MO93,0.0,73.5800615,jardin,12.0,jardin.shp,jardin,73.5800615000443
29853361.0,43.7305004744369,MO93,0.0,112.4911465,jardin,12.0,jardin.shp,jardin,112.49114650052067
29853375.0,32.5322499498059,MO93,0.0,65.5531205,jardin,12.0,jardin.shp,jardin,65.55312049985197
29853383.0,395.879614904667,MO93,0.0,684.4064325,jardin,12.0,jardin.shp,jardin,684.4064324951563
29853377.0,33.4455172410047,MO93,0.0,47.8240285,jardin,12.0,jardin.shp,jardin,47.82402850116337
29853360.0,97.2606634148214,MO93,0.0,304.648159,jardin,12.0,jardin.shp,jardin,304.64815900473377
29853362.0,198.442997341529,MO93,0.0,811.719262,jardin,12.0,jardin.shp,jardin,811.719262000337
3828155.0,280.5896866616,MO93,0.0,1647.31719,pre,9.0,champ_pre_paturage.shp,pre,1647.317189994027
29853372.0,119.56424814973,MO93,0.0,577.911485,jardin,12.0,jardin.shp,jardin,577.9114850012504
29853337.0,100.042275380246,MO93,0.0,262.529411,jardin,12.0,jardin.shp,jardin,262.5294110005709
29853376.0,171.191994821687,MO93,0.0,421.449084,jardin,12.0,jardin.shp,jardin,421.44908399973724
29853373.0,34.9653805217371,MO93,0.0,34.3061035,jardin,12.0,jardin.shp,jardin,34.306103500577024
29853359.0,31.8230332750692,MO93,0.0,63.05322,jardin,12.0,jardin.shp,jardin,63.05321999956583
29853358.0,150.647065423427,MO93,0.0,404.215866,jardin,12.0,jardin.shp,jardin,404.2158660022708
29853338.0,30.4308615332394,MO93,0.0,48.569493,jardin,12.0,jardin.shp,jardin,48.56949299856301
29853350.0,349.659312079233,MO93,0.0,1868.5019035,jardin,12.0,jardin.shp,jardin,1651.6765642814887
29853374.0,73.4393764301856,MO93,0.0,354.9251435,jardin,12.0,jardin.shp,jardin,354.92514349945924
29853363.0,35.2008832297673,MO93,0.0,45.116875,jardin,12.0,jardin.shp,jardin,45.11687499840022
29853339.0,42.4316697896059,MO93,0.0,67.249172,jardin,12.0,jardin.shp,jardin,67.24917199997057
3823441.0,252.756429818184,MO93,0.0,1906.28352,jardin,12.0,jardin.shp,jardin,1906.2835200064555
29853340.0,43.0979176110703,MO93,0.0,111.73764,jardin,12.0,jardin.shp,jardin,111.7376400023937
29853366.0,37.3045099721929,MO93,0.0,110.723238,jardin,12.0,jardin.shp,jardin,110.7232379996498
3823437.0,437.127764983013,NP,2.0,3025.395025,jardin,12.0,jardin.shp,jardin,3025.3950249883446
29853371.0,49.4934451824572,MO93,0.0,121.98278,jardin,12.0,jardin.shp,jardin,121.9827799989204
150842561.0,819.764427383631,MO93,0.0,13370.9069115,pre,9.0,champ_pre_paturage.shp,pre,13370.906911487667
29853342.0,61.0112789883576,MO93,0.0,144.8628965,jardin,12.0,jardin.shp,jardin,144.8628964992819
3829354.0,181.281833388843,MO93,0.0,1633.2107345,jardin,12.0,jardin.shp,jardin,1633.2107345006918
140909707.0,46.0477083734122,MO93,0.0,62.6304965,jardin,12.0,jardin.shp,jardin,62.63049650004669
140909706.0,33.4807010796473,MO93,0.0,17.8256065,jardin,12.0,jardin.shp,jardin,17.82560650022096
3829353.0,455.211173811689,MO93,0.0,1383.0726775,jardin,12.0,jardin.shp,jardin,1383.0726774946386
3826809.0,254.150164594396,MO93,0.0,1093.2975835,jardin,12.0,jardin.shp,jardin,1093.2975834993072
140909705.0,79.7279609038227,MO93,0.0,344.28822,jardin,12.0,jardin.shp,jardin,344.2882199993489
140909704.0,154.181391454073,MO93,0.0,396.0929875,jardin,12.0,jardin.shp,jardin,396.0929874978812
3826808.0,36.122,MO93,0.0,40.61065,jardin,12.0,jardin.shp,jardin,40.610650001197726
27969160.0,199.536803642232,MO93,0.0,562.0353995,jardin,12.0,jardin.shp,jardin,520.8525016998016
3825270.0,360.222456932698,MO93,0.0,1436.4942635,jardin,12.0,jardin.shp,jardin,1436.4942635020998
29853357.0,98.7959828718736,MO93,0.0,330.3326715,jardin,12.0,jardin.shp,jardin,330.3326715010684
29853365.0,29.7667924883124,MO93,0.0,35.9952285,jardin,12.0,jardin.shp,jardin,35.995228499525886
29853370.0,30.4604859936335,MO93,0.0,56.554811,jardin,12.0,jardin.shp,jardin,56.55481100014819
29853364.0,24.1350227148452,MO93,0.0,31.14401,jardin,12.0,jardin.shp,jardin,31.144009999396868
29853341.0,46.1588596656016,MO93,0.0,62.818214,jardin,12.0,jardin.shp,jardin,62.81821400112953
150842559.0,52.8480172782811,MO93,0.0,91.377415,pre,9.0,champ_pre_paturage.shp,pre,91.37741499912813
29853343.0,51.1939725471037,MO93,0.0,150.4371745,jardin,12.0,jardin.shp,jardin,150.43717450031758
29853367.0,49.4988387577327,MO93,0.0,77.7036565,jardin,12.0,jardin.shp,jardin,77.70365650047447
150842564.0,178.303879522099,MO93,0.0,1630.895561,pre,9.0,champ_pre_paturage.shp,pre,1630.8955609970974
29853348.0,112.726728153286,MO93,0.0,546.564115,jardin,12.0,jardin.shp,jardin,546.5641149990355
29853344.0,179.76159256074,MO93,0.0,516.174256,jardin,12.0,jardin.shp,jardin,516.1742560043457
29853369.0,272.048574874938,MO93,0.0,532.0948155,jardin,12.0,jardin.shp,jardin,532.0948155043418
29853349.0,25.0578206738821,MO93,0.0,28.9781,jardin,12.0,jardin.shp,jardin,28.978099998977477
150842567.0,604.403125519327,MO93,0.0,4212.7771115,pre,9.0,champ_pre_paturage.shp,pre,4212.77711150844
29853354.0,63.5478258165677,MO93,0.0,152.92196,jardin,12.0,jardin.shp,jardin,34.959685208191566
150842560.0,97.2202835992839,MO93,0.0,317.927539,pre,9.0,champ_pre_paturage.shp,pre,317.9275390012196
29853368.0,112.645350782135,MO93,0.0,230.6944215,jardin,12.0,jardin.shp,jardin,230.69442150059774
3824730.0,564.61526291048,MO93,0.0,1890.3374915,jardin,12.0,jardin.shp,jardin,761.2091455991755
27969665.0,77.9207738799836,MO93,0.0,147.444353,jardin,12.0,jardin.shp,jardin,147.44435299773386
3847469.0,173.867510954579,MO93,0.0,426.5931765,jardin,12.0,jardin.shp,jardin,426.59317649480937
3829155.0,49.5411442210734,MO93,0.0,133.863785,jardin,12.0,jardin.shp,jardin,133.86378499773906
27968016.0,19.7733904480593,MO93,0.0,23.4253315,jardin,12.0,jardin.shp,jardin,23.42533149904033
28573773.0,81.8645791461616,MO93,0.0,239.60783,jardin,12.0,jardin.shp,jardin,239.60783000353615
27968008.0,72.0995181329994,MO93,0.0,150.8403415,jardin,12.0,jardin.shp,jardin,150.84034149599907
27967981.0,28.8477095403836,MO93,0.0,51.414002,jardin,12.0,jardin.shp,jardin,51.41400200039204
27967976.0,15.5671128350265,MO93,0.0,9.316317,jardin,12.0,jardin.shp,jardin,9.316316999552463
92586667.0,80.7525822002063,MO93,0.0,265.085974,jardin,12.0,jardin.shp,jardin,265.0859740063547
29853347.0,42.892103914865,MO93,0.0,54.6185925,jardin,12.0,jardin.shp,jardin,54.61859249881307
29853346.0,82.3955373209876,MO93,0.0,170.5006015,jardin,12.0,jardin.shp,jardin,170.50060149911374
29853345.0,25.1023398126095,MO93,0.0,35.2893525,jardin,12.0,jardin.shp,jardin,35.28935250078634
89750774.0,2102.3260322929,MO93,0.0,58759.5121865,pre,9.0,champ_pre_paturage.shp,pre,90.12405088483777
29853351.0,49.2577040499707,MO93,0.0,62.226592,jardin,12.0,jardin.shp,jardin,62.22659199931744
29853352.0,25.7118775760904,MO93,0.0,39.1807785,jardin,12.0,jardin.shp,jardin,39.18077850055055
150842557.0,994.030814929706,MO93,0.0,12983.922379,pre,9.0,champ_pre_paturage.shp,pre,12983.922379010548
29853353.0,175.938834207311,MO93,0.0,500.1655255,jardin,12.0,jardin.shp,jardin,391.37574393310314
3823427.0,569.528620103784,NP,2.0,4556.5089875,pre,9.0,champ_pre_paturage.shp,pre,4013.264503506371
150842558.0,60.5383389364834,MO93,0.0,89.043005,pre,9.0,champ_pre_paturage.shp,pre,89.043005003702
47177678.0,260.748459805436,NP,2.0,633.6004935,jardin,12.0,jardin.shp,jardin,633.600493502545
47177676.0,40.5121901771205,NP,2.0,20.55893,jardin,12.0,jardin.shp,jardin,20.558929997772836
85043277.0,96.2398032242715,NP,2.0,47.760841,jardin,12.0,jardin.shp,jardin,47.7608409990921
47177675.0,31.6821639014935,NP,2.0,15.9105695,jardin,12.0,jardin.shp,jardin,15.910569501790663
85043195.0,49.5678737951982,NP,2.0,61.954909,jardin,12.0,jardin.shp,jardin,61.95490899896004
132182220.0,56.8012018310997,MO93,0.0,95.992623,jardin,12.0,jardin.shp,jardin,4.4738627903373835
47177681.0,95.6769471560637,NP,2.0,68.097028,jardin,12.0,jardin.shp,jardin,68.09702799938994
47177680.0,22.564907867845,NP,2.0,14.5803255,jardin,12.0,jardin.shp,jardin,14.580325500690414
47177687.0,7.61197644484181,NP,2.0,3.2482615,jardin,12.0,jardin.shp,jardin,3.2482615000640735
147124983.0,587.464467086346,MO93,0.0,7141.721744,jardin,12.0,jardin.shp,jardin,1276.6123155492473
47177671.0,41.0945464623775,NP,2.0,39.743779,jardin,12.0,jardin.shp,jardin,39.74377899941416
47177649.0,36.8371687124676,NP,2.0,55.541261,jardin,12.0,jardin.shp,jardin,55.54126099989999
98593318.0,63.2432165138347,NP,2.0,116.393913,jardin,12.0,jardin.shp,jardin,116.3939130018928
47177656.0,56.5479403975349,NP,2.0,44.9362695,jardin,12.0,jardin.shp,jardin,44.93626949964411
98593317.0,126.979357723457,NP,2.0,542.1058555,jardin,12.0,jardin.shp,jardin,542.1058555011249
3843346.0,185.619457963238,MO93,0.0,700.98253,jardin,12.0,jardin.shp,jardin,422.80820435180715
3843673.0,317.467258847833,NP,2.0,1540.234817,jardin,12.0,jardin.shp,jardin,1540.2348170009718
3824347.0,80.4215861468916,NP,2.0,204.299621,jardin,12.0,jardin.shp,jardin,204.299620994651
150896833.0,135.217387551613,MO93,0.0,378.755418,jardin,12.0,jardin.shp,jardin,378.75541799810503
84120890.0,107.707527561058,NP,2.0,525.8547115,jardin,12.0,jardin.shp,jardin,525.8547115104034
60256367.0,58.0349279497408,NP,2.0,158.1343165,jardin,12.0,jardin.shp,jardin,158.13431649803283
60256369.0,79.2596180606152,NP,2.0,231.417935,jardin,12.0,jardin.shp,jardin,231.41793499917188
60256376.0,95.1210875495091,NP,2.0,209.5854045,jardin,12.0,jardin.shp,jardin,209.58540450055224
60256370.0,25.8798669704927,NP,2.0,15.535939,jardin,12.0,jardin.shp,jardin,15.535938998939598
60256371.0,99.0212499717596,NP,2.0,107.8618735,jardin,12.0,jardin.shp,jardin,107.86187350324832
60256362.0,32.5868032176134,NP,2.0,55.4876,jardin,12.0,jardin.shp,jardin,55.48760000120159
3844123.0,569.223317195204,NP,2.0,2350.9858665,jardin,12.0,jardin.shp,jardin,2350.985866503914
3849373.0,158.012604312893,NP,2.0,551.0405115,jardin,12.0,jardin.shp,jardin,551.0405115004795
37386114.0,12.4778856602511,NP,2.0,3.9138855,jardin,12.0,jardin.shp,jardin,3.9138854998198553
47177658.0,31.271484686775,NP,2.0,76.664122,jardin,12.0,jardin.shp,jardin,76.66412200133657
47177685.0,11.7554689301241,NP,2.0,7.2339305,jardin,12.0,jardin.shp,jardin,7.233930500154284
47177686.0,9.11841397108511,NP,2.0,1.634404,jardin,12.0,jardin.shp,jardin,1.6344039999060138
3825006.0,193.914329125971,NP,2.0,296.7903645,jardin,12.0,jardin.shp,jardin,296.7903644950759
47177648.0,81.0130751388451,NP,2.0,104.4834785,jardin,12.0,jardin.shp,jardin,104.48347849796419
47177651.0,100.661699129014,NP,2.0,185.7482475,jardin,12.0,jardin.shp,jardin,185.74824750279592
47177654.0,60.9762489299179,NP,2.0,77.3836825,jardin,12.0,jardin.shp,jardin,77.38368250164818
3824356.0,122.160915679514,NP,2.0,326.6407695,jardin,12.0,jardin.shp,jardin,326.6407695004893
3824431.0,29.6050886801052,NP,2.0,39.245205,jardin,12.0,jardin.shp,jardin,39.245204999891875
98593319.0,60.8979970692389,NP,2.0,126.645183,jardin,12.0,jardin.shp,jardin,126.64518300024498
132748357.0,16.0054073446282,NP,2.0,15.470334,jardin,12.0,jardin.shp,jardin,15.47033400021974
3842435.0,71.775961714783,NP,2.0,32.356055,jardin,12.0,jardin.shp,jardin,32.356055004803174
3831526.0,9.42245419520975,NP,2.0,3.19185,jardin,12.0,jardin.shp,jardin,3.191850000075623
3829053.0,9.442898789653,NP,2.0,3.109665,jardin,12.0,jardin.shp,jardin,3.109665000532558
3844121.0,10.7237865301617,NP,2.0,2.4912,jardin,12.0,jardin.shp,jardin,2.491199999876507
60256396.0,12.5683252380014,NP,2.0,10.1056385,jardin,12.0,jardin.shp,jardin,10.105638500771253
3842764.0,1500.15058791173,NP,2.0,7200.7098925,jardin,12.0,jardin.shp,jardin,7200.709892518229
3826856.0,700.010312492354,NP,2.0,2094.7999485,jardin,12.0,jardin.shp,jardin,2063.6947975512708
60256407.0,1546.53824470368,NP,2.0,6847.2557975,jardin,12.0,jardin.shp,jardin,1445.0442231700606
60256358.0,16.7351369406381,NP,2.0,14.6505005,jardin,12.0,jardin.shp,jardin,14.6505004995593
60256361.0,47.5338762632092,NP,2.0,114.20845,jardin,12.0,jardin.shp,jardin,114.20844999864903
60256384.0,222.339683557585,NP,2.0,810.8442275,jardin,12.0,jardin.shp,jardin,810.8442274928392
60256363.0,223.335016754795,NP,2.0,901.294037,jardin,12.0,jardin.shp,jardin,901.29403700211
60256360.0,50.0874404250281,NP,2.0,122.82003,jardin,12.0,jardin.shp,jardin,122.82002999875802
3842512.0,1111.96938841987,NP,2.0,6596.013214,jardin,12.0,jardin.shp,jardin,6596.013213989449
3842155.0,320.885503391542,NP,2.0,1568.888399,jardin,12.0,jardin.shp,jardin,1568.888398999648
60256382.0,276.970122956476,NP,2.0,2438.5648605,jardin,12.0,jardin.shp,jardin,2438.5648605034653
3840240.0,26.9776310115709,NP,2.0,7.6527,jardin,12.0,jardin.shp,jardin,7.652699999624117
3843409.0,367.095469197277,NP,2.0,1521.4219245,jardin,12.0,jardin.shp,jardin,1521.421924498392
28675750.0,36.9600876108886,NP,2.0,75.465576,jardin,12.0,jardin.shp,jardin,75.46557600144006
60256391.0,39.0056299343897,NP,2.0,42.085294,jardin,12.0,jardin.shp,jardin,42.085293999335725
3836135.0,1752.25391428971,NP,2.0,7377.2173035,jardin,12.0,jardin.shp,jardin,85.69549869396214
60256390.0,136.302887597016,NP,2.0,716.2329515,jardin,12.0,jardin.shp,jardin,716.2329514983412
37386109.0,107.281309433057,NP,2.0,311.7743635,jardin,12.0,jardin.shp,jardin,311.77436350191323
26608237.0,35.2883423415081,NP,2.0,63.6442015,jardin,12.0,jardin.shp,jardin,63.644201499827304
37386118.0,3.9089941863371,NP,2.0,0.328127,jardin,12.0,jardin.shp,jardin,0.328126999967128
37386143.0,1177.79778434483,NP,2.0,8382.84392,jardin,12.0,jardin.shp,jardin,8382.843920021489
98593315.0,1175.27359442034,NP,2.0,6769.8289935,jardin,12.0,jardin.shp,jardin,6769.82899350883
37386110.0,23.3259705826565,NP,2.0,9.9505395,jardin,12.0,jardin.shp,jardin,9.950539499946357
37386128.0,34.8537417877056,NP,2.0,63.4144105,jardin,12.0,jardin.shp,jardin,63.414410499904584
98593312.0,728.685903789246,MO93,0.0,3180.0788325,jardin,12.0,jardin.shp,jardin,3180.0788325078174
37386125.0,193.224136901992,NP,2.0,458.09242,jardin,12.0,jardin.shp,jardin,458.09241999970766
82313423.0,1718.87200143399,NP,2.0,16254.736959,jardin,12.0,jardin.shp,jardin,12037.951345999045
3841288.0,526.936081143363,NP,2.0,7073.652945,jardin,12.0,jardin.shp,jardin,7073.652944993692
3828947.0,4.92663742477701,NP,2.0,1.29445,jardin,12.0,jardin.shp,jardin,1.2944499999745283
3844073.0,706.533545742646,NP,2.0,4516.309094,jardin,12.0,jardin.shp,jardin,4516.309093994183
3849422.0,4.98606835845037,NP,2.0,1.3268,jardin,12.0,jardin.shp,jardin,1.326800000012666
60256379.0,172.629039899621,NP,2.0,865.4031215,jardin,12.0,jardin.shp,jardin,865.403121493651
25189759.0,193.407181718656,NP,2.0,1359.9433495,jardin,12.0,jardin.shp,jardin,1359.9433495024143
25336080.0,33.9345158032666,NP,2.0,50.6213135,jardin,12.0,jardin.shp,jardin,50.6213135008852
25336171.0,85.8626282175878,NP,2.0,459.9046705,jardin,12.0,jardin.shp,jardin,459.9046705017329
37386144.0,593.136569516595,NP,2.0,3731.942936,jardin,12.0,jardin.shp,jardin,3731.9429360096287
60256405.0,150.110888447675,NP,2.0,805.412317,jardin,12.0,jardin.shp,jardin,805.4123169964047
37386126.0,118.993562980229,NP,2.0,212.5677905,jardin,12.0,jardin.shp,jardin,177.71946821346575
37386132.0,89.7837182665893,NP,2.0,180.9803905,jardin,12.0,jardin.shp,jardin,74.40290745378353
37386124.0,352.233111916233,NP,2.0,2219.931293,jardin,12.0,jardin.shp,jardin,2219.9312930072315
37386139.0,488.285734441032,NP,2.0,3185.922864,jardin,12.0,jardin.shp,jardin,1013.2909347710504
3842287.0,537.478235814073,NP,2.0,5088.877552,foret,18.0,MOVD_CAD_TPR_CSBOIS_S.shp,foret,948.2343111963762
3842389.0,304.48936321816,NP,2.0,1785.7753715,foret,18.0,MOVD_CAD_TPR_CSBOIS_S.shp,foret,531.148129238015
37386140.0,249.399720974727,NP,2.0,1681.6580665,jardin,12.0,jardin.shp,jardin,221.55645799335738
25189761.0,194.545526712425,NP,2.0,1284.227583,jardin,12.0,jardin.shp,jardin,1284.227583001699
25336194.0,100.987450182573,NP,2.0,595.4742075,jardin,12.0,jardin.shp,jardin,595.4742075007832
60256388.0,207.787609630434,NP,2.0,2222.506438,jardin,12.0,jardin.shp,jardin,2222.506437993456
25189757.0,326.980824803976,NP,2.0,3134.8959495,jardin,12.0,jardin.shp,jardin,3116.629259603522
25189770.0,335.865547389868,NP,2.0,4614.5829995,jardin,12.0,jardin.shp,jardin,4614.58299949958
25189794.0,270.271563138178,NP,2.0,3715.5522805,jardin,12.0,jardin.shp,jardin,3715.552280506353
25189808.0,88.0166852570133,NP,2.0,338.5273965,jardin,12.0,jardin.shp,jardin,338.5273965016703
60256386.0,15.2605004051952,NP,2.0,14.30706,jardin,12.0,jardin.shp,jardin,14.307060000174271
25189804.0,259.611081636425,NP,2.0,2142.9328355,jardin,12.0,jardin.shp,jardin,2142.932835498703
25189755.0,287.948968293318,NP,2.0,2887.4730135,jardin,12.0,jardin.shp,jardin,2043.6914277606538
60256387.0,105.936730095923,NP,2.0,120.3124135,jardin,12.0,jardin.shp,jardin,120.31241349758336
3849201.0,879.258558037583,NP,2.0,6711.7067745,jardin,12.0,jardin.shp,jardin,463.9163843546144
3842371.0,10.1727648519344,NP,2.0,2.95875,jardin,12.0,jardin.shp,jardin,2.9587500003492457
91968154.0,53.6793535421388,NP,2.0,147.379195,jardin,12.0,jardin.shp,jardin,147.37919500254927
3837085.0,113.1525200217,NP,2.0,150.646933,jardin,12.0,jardin.shp,jardin,150.6469329964384
91968140.0,112.934676966317,NP,2.0,23.0620895,jardin,12.0,jardin.shp,jardin,23.062089499072766
91968143.0,67.4464690140222,NP,2.0,116.3471895,jardin,12.0,jardin.shp,jardin,116.34718949741318
3842372.0,317.798623771691,NP,2.0,1469.935987,jardin,12.0,jardin.shp,jardin,818.6861331589793
3849461.0,2070.43539413171,NP,2.0,7291.4777445,jardin,12.0,jardin.shp,jardin,314.66802178138187
60306577.0,52.1557780514641,NP,2.0,40.0579415,jardin,12.0,jardin.shp,jardin,40.05794150049176
60306579.0,63.7071708556372,NP,2.0,158.367318,jardin,12.0,jardin.shp,jardin,158.36731800118773
3831302.0,23.4496330807867,NP,2.0,17.455845,jardin,12.0,jardin.shp,jardin,17.455845000317524
66917596.0,6.88964498873989,NP,2.0,2.0166705,jardin,12.0,jardin.shp,jardin,2.016670500307817
3844004.0,7.93619220573547,NP,2.0,1.699,jardin,12.0,jardin.shp,jardin,1.6990000001576264
3842422.0,7.4468339438658,NP,2.0,1.574,jardin,12.0,jardin.shp,jardin,1.573999999843305
3830831.0,7.45769994662642,NP,2.0,1.57095,jardin,12.0,jardin.shp,jardin,1.5709499996979255
60306580.0,69.0453478546762,NP,2.0,206.798465,jardin,12.0,jardin.shp,jardin,206.79846500177678
66917594.0,12.7808373438751,NP,2.0,7.85775,jardin,12.0,jardin.shp,jardin,7.857749999716413
66917593.0,20.3045674543126,NP,2.0,19.8346,jardin,12.0,jardin.shp,jardin,19.834600000743613
3842561.0,15.7432033358935,NP,2.0,14.80875,jardin,12.0,jardin.shp,jardin,14.80874999979511
3836147.0,652.311439696964,NP,2.0,2615.138397,jardin,12.0,jardin.shp,jardin,989.5052120243346
3842514.0,842.876085341102,NP,2.0,4071.787085,jardin,12.0,jardin.shp,jardin,1012.8022172176537
25189753.0,310.609824511149,NP,2.0,2972.0916625,jardin,12.0,jardin.shp,jardin,140.73349203868275
3825345.0,3766.04915685732,MO93,0.0,40443.440764,jardin,12.0,jardin.shp,jardin,2153.377874084644
25189806.0,230.455393649258,NP,2.0,2820.765775,jardin,12.0,jardin.shp,jardin,2200.8114160667287
25189818.0,193.769846949067,NP,2.0,468.887477,jardin,12.0,jardin.shp,jardin,26.837602209496985
25189831.0,85.3076807984153,NP,2.0,233.617069,jardin,12.0,jardin.shp,jardin,115.3217048334461
25189816.0,926.426170266814,NP,2.0,1698.9663815,jardin,12.0,jardin.shp,jardin,206.03262074010115
25189941.0,94.29421768438,NP,2.0,142.2445405,jardin,12.0,jardin.shp,jardin,54.89326579466008
3840063.0,569.613201413445,NP,2.0,9441.944409,foret,18.0,MOVD_CAD_TPR_CSBOIS_S.shp,foret,2529.6150737441276
37191576.0,603.447597176523,NP,2.0,4417.1799195,foret,18.0,MOVD_CAD_TPR_CSBOIS_S.shp,foret,213.03029082440042
37191586.0,498.138146948407,NP,2.0,72.746079,jardin,12.0,jardin.shp,jardin,10.11928248165214
145657241.0,31.8237096192302,MO93,0.0,50.2710095,jardin,12.0,jardin.shp,jardin,50.27100950004235
3840256.0,2195.5949125757,MO93,0.0,14213.238456,jardin,12.0,jardin.shp,jardin,13085.715218829591
144792971.0,19.4361745598952,MO93,0.0,21.9902295,jardin,12.0,jardin.shp,jardin,21.990229499205846
136090979.0,1099.70816846048,MO93,0.0,8981.141178,jardin,12.0,jardin.shp,jardin,8981.14117802883
144792970.0,438.269267148893,MO93,0.0,2195.8492795,jardin,12.0,jardin.shp,jardin,1006.597233815198
3833732.0,848.44070095466,MO93,0.0,7307.3248435,jardin,12.0,jardin.shp,jardin,695.9551216396266
150842569.0,491.533526899998,MO93,0.0,1360.634218,jardin,12.0,jardin.shp,jardin,1360.634218002954
150842568.0,2382.10133535329,MO93,0.0,20680.5424795,jardin,12.0,jardin.shp,jardin,20041.356761496114
66708915.0,156.689394918086,MO93,0.0,273.0583405,jardin,12.0,jardin.shp,jardin,273.05834050033195
66708917.0,63.3400190868122,MO93,0.0,100.2724425,jardin,12.0,jardin.shp,jardin,100.27244250090887
3842667.0,1469.39133489216,NP,2.0,9803.1185625,jardin,12.0,jardin.shp,jardin,2709.6996906647037
3831900.0,160.315764961127,NP,2.0,1054.713035,pre,9.0,champ_pre_paturage.shp,pre,455.9596594020468
6138020.0,695.863301539208,MO93,0.0,17957.8104565,foret,18.0,MOVD_CAD_TPR_CSBOIS_S.shp,foret,90.03593520070126
3843679.0,1505.58963351047,NP,2.0,8827.1400185,jardin,12.0,jardin.shp,jardin,345.89616721036583
82295620.0,180.273726886023,MO93,0.0,387.57598,jardin,12.0,jardin.shp,jardin,387.5759799990251
3824489.0,1409.28671303582,NP,2.0,7444.0474085,jardin,12.0,jardin.shp,jardin,1566.1428798995246
3825489.0,4382.92293733092,MO93,0.0,40432.848173,jardin,12.0,jardin.shp,jardin,1271.4717919097875
3840429.0,311.276654850835,MO93,0.0,726.222068,jardin,12.0,jardin.shp,jardin,726.2220680017028
3843714.0,229.982396672959,MO93,0.0,1568.90871,foret,18.0,MOVD_CAD_TPR_CSBOIS_S.shp,foret,1568.9087100036704
3830800.0,494.939973005045,MO93,0.0,1930.901269,jardin,12.0,jardin.shp,jardin,1930.9012690106388
3841715.0,250.073258692787,MO93,0.0,837.756952,jardin,12.0,jardin.shp,jardin,837.7569519794499
3827206.0,460.528224282553,MO93,0.0,1389.1926765,jardin,12.0,jardin.shp,jardin,1389.1926764883938
3830739.0,157.509104419456,MO93,0.0,573.976029,jardin,12.0,jardin.shp,jardin,573.9760289975563
3841278.0,284.801514007229,MO93,0.0,838.7285295,jardin,12.0,jardin.shp,jardin,838.7285294985728
3849203.0,155.680200793318,MO93,0.0,464.0259005,jardin,12.0,jardin.shp,jardin,464.02590049301153
3841166.0,42.3306190071904,MO93,0.0,95.4631755,jardin,12.0,jardin.shp,jardin,95.4631755013989
3841255.0,675.429867041433,MO93,0.0,8527.65831,foret,18.0,MOVD_CAD_TPR_CSBOIS_S.shp,foret,8527.658310034756
3842902.0,52.444740765269,MO93,0.0,178.018726,jardin,12.0,jardin.shp,jardin,178.0187260015048
3849747.0,53.303442312071,MO93,0.0,186.8547145,jardin,12.0,jardin.shp,jardin,186.85471449971453
3843038.0,972.950964606425,MO93,0.0,7050.8108215,jardin,12.0,jardin.shp,jardin,7050.8108215056
3842714.0,41.9271569637612,MO93,0.0,84.9430975,jardin,12.0,jardin.shp,jardin,84.9430974991819
3826890.0,191.146357855033,MO93,0.0,736.9592485,jardin,12.0,jardin.shp,jardin,736.9592485033238
3841282.0,360.431190870646,MO93,0.0,887.0386695,jardin,12.0,jardin.shp,jardin,887.0386694971845
136115125.0,230.132178980171,MO93,0.0,1101.7373155,jardin,12.0,jardin.shp,jardin,1101.7373154954128
3840642.0,700.974346533256,MO93,0.0,3578.8252325,jardin,12.0,jardin.shp,jardin,3578.8252325027374
3823969.0,170.873150148545,MO93,0.0,504.759641,jardin,12.0,jardin.shp,jardin,504.7596409962414
3841258.0,242.369075964785,MO93,0.0,944.630601,jardin,12.0,jardin.shp,jardin,944.630600995008
3823958.0,485.223930638044,MO93,0.0,2714.2755775,jardin,12.0,jardin.shp,jardin,2714.275577504247
3842813.0,223.840896443979,MO93,0.0,1560.703954,jardin,12.0,jardin.shp,jardin,1560.7039539854368
28906720.0,58.7687443643034,MO93,0.0,179.211611,jardin,12.0,jardin.shp,jardin,179.21161100179683
28906704.0,557.690969365762,MO93,0.0,1945.024259,jardin,12.0,jardin.shp,jardin,1945.0242589972147
28906722.0,57.9795125829398,MO93,0.0,150.4536125,jardin,12.0,jardin.shp,jardin,150.45361250003
28906719.0,169.860123894804,MO93,0.0,397.2214575,jardin,12.0,jardin.shp,jardin,397.2214575072056
28906721.0,205.68325896795,MO93,0.0,550.2099605,jardin,12.0,jardin.shp,jardin,550.2099604990059
28906723.0,152.635216745165,MO93,0.0,610.7477425,jardin,12.0,jardin.shp,jardin,610.7477424995018
3835109.0,183.574811065569,MO93,0.0,683.3838895,jardin,12.0,jardin.shp,jardin,683.3838895048193
31866344.0,51.5851719215334,MO93,0.0,82.420983,jardin,12.0,jardin.shp,jardin,82.42098299946764
31866356.0,232.094973215953,MO93,0.0,993.7482025,jardin,12.0,jardin.shp,jardin,993.7482024989354
31866383.0,155.369836183929,MO93,0.0,371.463042,jardin,12.0,jardin.shp,jardin,371.46304199610216
31866386.0,55.5504114477661,MO93,0.0,103.8609645,jardin,12.0,jardin.shp,jardin,103.86096449677817
31866390.0,165.392644942113,MO93,0.0,336.9589655,jardin,12.0,jardin.shp,jardin,336.9589655070482
31866389.0,66.2317799344225,MO93,0.0,109.7928435,jardin,12.0,jardin.shp,jardin,109.79284349702498
31866357.0,95.3078226237053,MO93,0.0,222.9839535,jardin,12.0,jardin.shp,jardin,222.9839535011469
3842793.0,1047.47373763734,MO93,0.0,45252.893639,foret,18.0,MOVD_CAD_TPR_CSBOIS_S.shp,foret,45252.8936389916
3836343.0,454.607814889756,MO93,0.0,5143.493057,foret,18.0,MOVD_CAD_TPR_CSBOIS_S.shp,foret,5143.493056989396
3845342.0,879.177971283609,MO93,0.0,13116.094719,foret,18.0,MOVD_CAD_TPR_CSBOIS_S.shp,foret,10625.682721798137
28906702.0,11.8200515843004,MO93,0.0,8.7308,jardin,12.0,jardin.shp,jardin,8.730800000446198
28906700.0,14.8804913374178,MO93,0.0,11.880657,jardin,12.0,jardin.shp,jardin,11.88065699937265
28906718.0,132.455741892524,MO93,0.0,468.214216,jardin,12.0,jardin.shp,jardin,468.214215998467
28906701.0,17.9431454681693,MO93,0.0,15.9663105,jardin,12.0,jardin.shp,jardin,15.966310499334263
28906717.0,154.598919015601,MO93,0.0,198.494113,jardin,12.0,jardin.shp,jardin,198.49411299639644
28906725.0,20.7645850560396,MO93,0.0,14.608412,jardin,12.0,jardin.shp,jardin,14.60841200044147
28906712.0,133.021829733598,MO93,0.0,876.5344345,jardin,12.0,jardin.shp,jardin,876.5344344959574
28906711.0,99.4862639232099,MO93,0.0,75.686143,jardin,12.0,jardin.shp,jardin,75.68614300261885
28906709.0,98.8295338743742,MO93,0.0,8.3686305,jardin,12.0,jardin.shp,jardin,8.368630498327136
28906715.0,102.810330622389,MO93,0.0,304.8488395,jardin,12.0,jardin.shp,jardin,304.8488395013081
28906726.0,177.267158527842,MO93,0.0,560.4745995,jardin,12.0,jardin.shp,jardin,560.474599491376
28906714.0,68.1200049264974,MO93,0.0,100.5249095,jardin,12.0,jardin.shp,jardin,100.52490950002894
28906708.0,126.095788688708,MO93,0.0,271.4091575,jardin,12.0,jardin.shp,jardin,271.40915750440143
28906732.0,58.2101030722839,MO93,0.0,77.3337,jardin,12.0,jardin.shp,jardin,77.33370000073216
28906728.0,310.557676119934,MO93,0.0,340.817988,jardin,12.0,jardin.shp,jardin,340.8179880011863
28906713.0,52.69787026808,MO93,0.0,132.9093885,jardin,12.0,jardin.shp,jardin,132.9093885002781
28906707.0,15.2181154601377,MO93,0.0,13.88047,jardin,12.0,jardin.shp,jardin,13.880470001031616
3823957.0,1141.17770289425,MO93,0.0,7345.104279,jardin,12.0,jardin.shp,jardin,7345.104279006501
3827656.0,189.053721225622,MO93,0.0,506.1348745,jardin,12.0,jardin.shp,jardin,93.42408081383374
3823974.0,170.660080859794,MO93,0.0,405.6185625,jardin,12.0,jardin.shp,jardin,405.61856250317635
61030614.0,25.700370714219,MO93,0.0,21.4820025,jardin,12.0,jardin.shp,jardin,21.482002498370655
61031610.0,180.10910937561,MO93,0.0,558.3734335,jardin,12.0,jardin.shp,jardin,558.3734334958244
28765827.0,82.8227489048835,MO93,0.0,116.512105,jardin,12.0,jardin.shp,jardin,116.51210500192245
61030612.0,29.7423060378927,MO93,0.0,34.591564,jardin,12.0,jardin.shp,jardin,34.59156400106604
3840643.0,980.509126289914,MO93,0.0,3899.644888,jardin,12.0,jardin.shp,jardin,3888.1714130383784
3823970.0,2793.29863092485,MO93,0.0,21381.9166075,jardin,12.0,jardin.shp,jardin,21381.916607527346
3845348.0,910.165464463278,MO93,0.0,3287.057266,jardin,12.0,jardin.shp,jardin,77.3626548009644
3832769.0,504.844028366772,MO93,0.0,2018.212927,jardin,12.0,jardin.shp,jardin,1159.2049303967067
3833407.0,442.051987395786,MO93,0.0,1211.521607,jardin,12.0,jardin.shp,jardin,989.9841829466018
3835095.0,512.750768285289,MO93,0.0,3953.199907,foret,18.0,MOVD_CAD_TPR_CSBOIS_S.shp,foret,335.1706424910305
89243412.0,26.5385709897277,MO93,0.0,41.21282,jardin,12.0,jardin.shp,jardin,41.21282000116464
89243325.0,68.7077084734518,MO93,0.0,114.7252855,jardin,12.0,jardin.shp,jardin,77.08328500087046
89243323.0,70.8575337938029,MO93,0.0,115.910329,jardin,12.0,jardin.shp,jardin,84.6374785736949
3836341.0,1114.83508455533,MO93,0.0,6913.5618875,jardin,12.0,jardin.shp,jardin,3123.149966245667
138974255.0,460.249736434139,MO93,0.0,2178.7677285,jardin,12.0,jardin.shp,jardin,2178.7677285071386
3836251.0,329.968192955326,MO93,0.0,1761.0006395,jardin,12.0,jardin.shp,jardin,375.26731539112893
3831919.0,1620.16949296149,MO93,0.0,9665.8333875,jardin,12.0,jardin.shp,jardin,1004.1239117081718
28838881.0,2519.32932384778,MO93,0.0,21822.458752,jardin,12.0,jardin.shp,jardin,17807.953342286317
44103192.0,60.1037959932471,MO93,0.0,174.512401,foret,18.0,MOVD_CAD_TPR_CSBOIS_S.shp,foret,174.51240099953878
140686517.0,48.6181333250242,MO93,0.0,26.794424,pre,9.0,champ_pre_paturage.shp,pre,26.794423999545778
44103191.0,144.202301622239,MO93,0.0,569.236743,foret,18.0,MOVD_CAD_TPR_CSBOIS_S.shp,foret,569.2367430028627
3848011.0,393.797478809072,MO93,0.0,3188.802698,jardin,12.0,jardin.shp,jardin,709.5414942823757
3832932.0,291.8800713449,MO93,0.0,2023.8407665,jardin,12.0,jardin.shp,jardin,781.7673554406957
3831807.0,353.489989634703,MO93,0.0,1376.456999,foret,18.0,MOVD_CAD_TPR_CSBOIS_S.shp,foret,1376.4569989974025
140905949.0,269.838096428982,MO93,0.0,1440.9285305,foret,18.0,MOVD_CAD_TPR_CSBOIS_S.shp,foret,1440.9285304912905
147183371.0,497.810234450542,MO93,0.0,3191.25224,jardin,12.0,jardin.shp,jardin,1106.956100143619
140562070.0,131.900206912736,MO93,0.0,580.692029,foret,18.0,MOVD_CAD_TPR_CSBOIS_S.shp,foret,580.6920290042997
140686520.0,49.3076704425409,MO93,0.0,55.7379315,jardin,12.0,jardin.shp,jardin,55.737931503430204
3835214.0,350.64133762227,MO93,0.0,2927.816657,foret,18.0,MOVD_CAD_TPR_CSBOIS_S.shp,foret,669.1762933257171
